      3660
2108 104 164 5863 2504
2109 164 163 5864 5863
2110 163 162 5865 5864
2111 162 161 5866 5865
2112 161 160 5867 5866
2113 160 159 5868 5867
2114 159 158 5869 5868
2115 158 157 5870 5869
2116 157 156 5871 5870
2117 156 155 5872 5871
2118 155 154 5873 5872
2119 154 153 5874 5873
2120 153 152 5875 5874
2121 152 151 5876 5875
2122 151 150 5877 5876
2123 150 149 5878 5877
2124 149 148 5879 5878
2125 148 147 5880 5879
2126 147 146 5881 5880
2127 146 145 5882 5881
2128 145 144 5883 5882
2129 144 143 5884 5883
2130 143 142 5885 5884
2131 142 141 5886 5885
2132 141 140 5887 5886
2133 140 139 5888 5887
2134 139 138 5889 5888
2135 138 137 5890 5889
2136 137 136 5891 5890
2137 136 135 5892 5891
2138 135 134 5893 5892
2139 134 133 5894 5893
2140 133 132 5895 5894
2141 132 131 5896 5895
2142 131 130 5897 5896
2143 130 129 5898 5897
2144 129 128 5899 5898
2145 128 127 5900 5899
2146 127 126 5901 5900
2147 126 125 5902 5901
2148 125 124 5903 5902
2149 124 123 5904 5903
2150 123 122 5905 5904
2151 122 121 5906 5905
2152 121 120 5907 5906
2153 120 119 5908 5907
2154 119 118 5909 5908
2155 118 117 5910 5909
2156 117 116 5911 5910
2157 116 115 5912 5911
2158 115 114 5913 5912
2159 114 113 5914 5913
2160 113 112 5915 5914
2161 112 111 5916 5915
2162 111 110 5917 5916
2163 110 109 5918 5917
2164 109 108 5919 5918
2165 108 107 5920 5919
2166 107 106 5921 5920
2167 106 105 5922 5921
2168 105 56 5802 5922
4342 2504 5863 5923 2505
4343 5863 5864 5924 5923
4344 5864 5865 5925 5924
4345 5865 5866 5926 5925
4346 5866 5867 5927 5926
4347 5867 5868 5928 5927
4348 5868 5869 5929 5928
4349 5869 5870 5930 5929
4350 5870 5871 5931 5930
4351 5871 5872 5932 5931
4352 5872 5873 5933 5932
4353 5873 5874 5934 5933
4354 5874 5875 5935 5934
4355 5875 5876 5936 5935
4356 5876 5877 5937 5936
4357 5877 5878 5938 5937
4358 5878 5879 5939 5938
4359 5879 5880 5940 5939
4360 5880 5881 5941 5940
4361 5881 5882 5942 5941
4362 5882 5883 5943 5942
4363 5883 5884 5944 5943
4364 5884 5885 5945 5944
4365 5885 5886 5946 5945
4366 5886 5887 5947 5946
4367 5887 5888 5948 5947
4368 5888 5889 5949 5948
4369 5889 5890 5950 5949
4370 5890 5891 5951 5950
4371 5891 5892 5952 5951
4372 5892 5893 5953 5952
4373 5893 5894 5954 5953
4374 5894 5895 5955 5954
4375 5895 5896 5956 5955
4376 5896 5897 5957 5956
4377 5897 5898 5958 5957
4378 5898 5899 5959 5958
4379 5899 5900 5960 5959
4380 5900 5901 5961 5960
4381 5901 5902 5962 5961
4382 5902 5903 5963 5962
4383 5903 5904 5964 5963
4384 5904 5905 5965 5964
4385 5905 5906 5966 5965
4386 5906 5907 5967 5966
4387 5907 5908 5968 5967
4388 5908 5909 5969 5968
4389 5909 5910 5970 5969
4390 5910 5911 5971 5970
4391 5911 5912 5972 5971
4392 5912 5913 5973 5972
4393 5913 5914 5974 5973
4394 5914 5915 5975 5974
4395 5915 5916 5976 5975
4396 5916 5917 5977 5976
4397 5917 5918 5978 5977
4398 5918 5919 5979 5978
4399 5919 5920 5980 5979
4400 5920 5921 5981 5980
4401 5921 5922 5982 5981
4402 5922 5802 5801 5982
6576 2505 5923 5983 2506
6577 5923 5924 5984 5983
6578 5924 5925 5985 5984
6579 5925 5926 5986 5985
6580 5926 5927 5987 5986
6581 5927 5928 5988 5987
6582 5928 5929 5989 5988
6583 5929 5930 5990 5989
6584 5930 5931 5991 5990
6585 5931 5932 5992 5991
6586 5932 5933 5993 5992
6587 5933 5934 5994 5993
6588 5934 5935 5995 5994
6589 5935 5936 5996 5995
6590 5936 5937 5997 5996
6591 5937 5938 5998 5997
6592 5938 5939 5999 5998
6593 5939 5940 6000 5999
6594 5940 5941 6001 6000
6595 5941 5942 6002 6001
6596 5942 5943 6003 6002
6597 5943 5944 6004 6003
6598 5944 5945 6005 6004
6599 5945 5946 6006 6005
6600 5946 5947 6007 6006
6601 5947 5948 6008 6007
6602 5948 5949 6009 6008
6603 5949 5950 6010 6009
6604 5950 5951 6011 6010
6605 5951 5952 6012 6011
6606 5952 5953 6013 6012
6607 5953 5954 6014 6013
6608 5954 5955 6015 6014
6609 5955 5956 6016 6015
6610 5956 5957 6017 6016
6611 5957 5958 6018 6017
6612 5958 5959 6019 6018
6613 5959 5960 6020 6019
6614 5960 5961 6021 6020
6615 5961 5962 6022 6021
6616 5962 5963 6023 6022
6617 5963 5964 6024 6023
6618 5964 5965 6025 6024
6619 5965 5966 6026 6025
6620 5966 5967 6027 6026
6621 5967 5968 6028 6027
6622 5968 5969 6029 6028
6623 5969 5970 6030 6029
6624 5970 5971 6031 6030
6625 5971 5972 6032 6031
6626 5972 5973 6033 6032
6627 5973 5974 6034 6033
6628 5974 5975 6035 6034
6629 5975 5976 6036 6035
6630 5976 5977 6037 6036
6631 5977 5978 6038 6037
6632 5978 5979 6039 6038
6633 5979 5980 6040 6039
6634 5980 5981 6041 6040
6635 5981 5982 6042 6041
6636 5982 5801 5800 6042
8810 2506 5983 6043 2507
8811 5983 5984 6044 6043
8812 5984 5985 6045 6044
8813 5985 5986 6046 6045
8814 5986 5987 6047 6046
8815 5987 5988 6048 6047
8816 5988 5989 6049 6048
8817 5989 5990 6050 6049
8818 5990 5991 6051 6050
8819 5991 5992 6052 6051
8820 5992 5993 6053 6052
8821 5993 5994 6054 6053
8822 5994 5995 6055 6054
8823 5995 5996 6056 6055
8824 5996 5997 6057 6056
8825 5997 5998 6058 6057
8826 5998 5999 6059 6058
8827 5999 6000 6060 6059
8828 6000 6001 6061 6060
8829 6001 6002 6062 6061
8830 6002 6003 6063 6062
8831 6003 6004 6064 6063
8832 6004 6005 6065 6064
8833 6005 6006 6066 6065
8834 6006 6007 6067 6066
8835 6007 6008 6068 6067
8836 6008 6009 6069 6068
8837 6009 6010 6070 6069
8838 6010 6011 6071 6070
8839 6011 6012 6072 6071
8840 6012 6013 6073 6072
8841 6013 6014 6074 6073
8842 6014 6015 6075 6074
8843 6015 6016 6076 6075
8844 6016 6017 6077 6076
8845 6017 6018 6078 6077
8846 6018 6019 6079 6078
8847 6019 6020 6080 6079
8848 6020 6021 6081 6080
8849 6021 6022 6082 6081
8850 6022 6023 6083 6082
8851 6023 6024 6084 6083
8852 6024 6025 6085 6084
8853 6025 6026 6086 6085
8854 6026 6027 6087 6086
8855 6027 6028 6088 6087
8856 6028 6029 6089 6088
8857 6029 6030 6090 6089
8858 6030 6031 6091 6090
8859 6031 6032 6092 6091
8860 6032 6033 6093 6092
8861 6033 6034 6094 6093
8862 6034 6035 6095 6094
8863 6035 6036 6096 6095
8864 6036 6037 6097 6096
8865 6037 6038 6098 6097
8866 6038 6039 6099 6098
8867 6039 6040 6100 6099
8868 6040 6041 6101 6100
8869 6041 6042 6102 6101
8870 6042 5800 5799 6102
11044 2507 6043 6103 2508
11045 6043 6044 6104 6103
11046 6044 6045 6105 6104
11047 6045 6046 6106 6105
11048 6046 6047 6107 6106
11049 6047 6048 6108 6107
11050 6048 6049 6109 6108
11051 6049 6050 6110 6109
11052 6050 6051 6111 6110
11053 6051 6052 6112 6111
11054 6052 6053 6113 6112
11055 6053 6054 6114 6113
11056 6054 6055 6115 6114
11057 6055 6056 6116 6115
11058 6056 6057 6117 6116
11059 6057 6058 6118 6117
11060 6058 6059 6119 6118
11061 6059 6060 6120 6119
11062 6060 6061 6121 6120
11063 6061 6062 6122 6121
11064 6062 6063 6123 6122
11065 6063 6064 6124 6123
11066 6064 6065 6125 6124
11067 6065 6066 6126 6125
11068 6066 6067 6127 6126
11069 6067 6068 6128 6127
11070 6068 6069 6129 6128
11071 6069 6070 6130 6129
11072 6070 6071 6131 6130
11073 6071 6072 6132 6131
11074 6072 6073 6133 6132
11075 6073 6074 6134 6133
11076 6074 6075 6135 6134
11077 6075 6076 6136 6135
11078 6076 6077 6137 6136
11079 6077 6078 6138 6137
11080 6078 6079 6139 6138
11081 6079 6080 6140 6139
11082 6080 6081 6141 6140
11083 6081 6082 6142 6141
11084 6082 6083 6143 6142
11085 6083 6084 6144 6143
11086 6084 6085 6145 6144
11087 6085 6086 6146 6145
11088 6086 6087 6147 6146
11089 6087 6088 6148 6147
11090 6088 6089 6149 6148
11091 6089 6090 6150 6149
11092 6090 6091 6151 6150
11093 6091 6092 6152 6151
11094 6092 6093 6153 6152
11095 6093 6094 6154 6153
11096 6094 6095 6155 6154
11097 6095 6096 6156 6155
11098 6096 6097 6157 6156
11099 6097 6098 6158 6157
11100 6098 6099 6159 6158
11101 6099 6100 6160 6159
11102 6100 6101 6161 6160
11103 6101 6102 6162 6161
11104 6102 5799 5798 6162
13278 2508 6103 6163 2509
13279 6103 6104 6164 6163
13280 6104 6105 6165 6164
13281 6105 6106 6166 6165
13282 6106 6107 6167 6166
13283 6107 6108 6168 6167
13284 6108 6109 6169 6168
13285 6109 6110 6170 6169
13286 6110 6111 6171 6170
13287 6111 6112 6172 6171
13288 6112 6113 6173 6172
13289 6113 6114 6174 6173
13290 6114 6115 6175 6174
13291 6115 6116 6176 6175
13292 6116 6117 6177 6176
13293 6117 6118 6178 6177
13294 6118 6119 6179 6178
13295 6119 6120 6180 6179
13296 6120 6121 6181 6180
13297 6121 6122 6182 6181
13298 6122 6123 6183 6182
13299 6123 6124 6184 6183
13300 6124 6125 6185 6184
13301 6125 6126 6186 6185
13302 6126 6127 6187 6186
13303 6127 6128 6188 6187
13304 6128 6129 6189 6188
13305 6129 6130 6190 6189
13306 6130 6131 6191 6190
13307 6131 6132 6192 6191
13308 6132 6133 6193 6192
13309 6133 6134 6194 6193
13310 6134 6135 6195 6194
13311 6135 6136 6196 6195
13312 6136 6137 6197 6196
13313 6137 6138 6198 6197
13314 6138 6139 6199 6198
13315 6139 6140 6200 6199
13316 6140 6141 6201 6200
13317 6141 6142 6202 6201
13318 6142 6143 6203 6202
13319 6143 6144 6204 6203
13320 6144 6145 6205 6204
13321 6145 6146 6206 6205
13322 6146 6147 6207 6206
13323 6147 6148 6208 6207
13324 6148 6149 6209 6208
13325 6149 6150 6210 6209
13326 6150 6151 6211 6210
13327 6151 6152 6212 6211
13328 6152 6153 6213 6212
13329 6153 6154 6214 6213
13330 6154 6155 6215 6214
13331 6155 6156 6216 6215
13332 6156 6157 6217 6216
13333 6157 6158 6218 6217
13334 6158 6159 6219 6218
13335 6159 6160 6220 6219
13336 6160 6161 6221 6220
13337 6161 6162 6222 6221
13338 6162 5798 5797 6222
15512 2509 6163 6223 2510
15513 6163 6164 6224 6223
15514 6164 6165 6225 6224
15515 6165 6166 6226 6225
15516 6166 6167 6227 6226
15517 6167 6168 6228 6227
15518 6168 6169 6229 6228
15519 6169 6170 6230 6229
15520 6170 6171 6231 6230
15521 6171 6172 6232 6231
15522 6172 6173 6233 6232
15523 6173 6174 6234 6233
15524 6174 6175 6235 6234
15525 6175 6176 6236 6235
15526 6176 6177 6237 6236
15527 6177 6178 6238 6237
15528 6178 6179 6239 6238
15529 6179 6180 6240 6239
15530 6180 6181 6241 6240
15531 6181 6182 6242 6241
15532 6182 6183 6243 6242
15533 6183 6184 6244 6243
15534 6184 6185 6245 6244
15535 6185 6186 6246 6245
15536 6186 6187 6247 6246
15537 6187 6188 6248 6247
15538 6188 6189 6249 6248
15539 6189 6190 6250 6249
15540 6190 6191 6251 6250
15541 6191 6192 6252 6251
15542 6192 6193 6253 6252
15543 6193 6194 6254 6253
15544 6194 6195 6255 6254
15545 6195 6196 6256 6255
15546 6196 6197 6257 6256
15547 6197 6198 6258 6257
15548 6198 6199 6259 6258
15549 6199 6200 6260 6259
15550 6200 6201 6261 6260
15551 6201 6202 6262 6261
15552 6202 6203 6263 6262
15553 6203 6204 6264 6263
15554 6204 6205 6265 6264
15555 6205 6206 6266 6265
15556 6206 6207 6267 6266
15557 6207 6208 6268 6267
15558 6208 6209 6269 6268
15559 6209 6210 6270 6269
15560 6210 6211 6271 6270
15561 6211 6212 6272 6271
15562 6212 6213 6273 6272
15563 6213 6214 6274 6273
15564 6214 6215 6275 6274
15565 6215 6216 6276 6275
15566 6216 6217 6277 6276
15567 6217 6218 6278 6277
15568 6218 6219 6279 6278
15569 6219 6220 6280 6279
15570 6220 6221 6281 6280
15571 6221 6222 6282 6281
15572 6222 5797 5796 6282
17746 2510 6223 6283 2511
17747 6223 6224 6284 6283
17748 6224 6225 6285 6284
17749 6225 6226 6286 6285
17750 6226 6227 6287 6286
17751 6227 6228 6288 6287
17752 6228 6229 6289 6288
17753 6229 6230 6290 6289
17754 6230 6231 6291 6290
17755 6231 6232 6292 6291
17756 6232 6233 6293 6292
17757 6233 6234 6294 6293
17758 6234 6235 6295 6294
17759 6235 6236 6296 6295
17760 6236 6237 6297 6296
17761 6237 6238 6298 6297
17762 6238 6239 6299 6298
17763 6239 6240 6300 6299
17764 6240 6241 6301 6300
17765 6241 6242 6302 6301
17766 6242 6243 6303 6302
17767 6243 6244 6304 6303
17768 6244 6245 6305 6304
17769 6245 6246 6306 6305
17770 6246 6247 6307 6306
17771 6247 6248 6308 6307
17772 6248 6249 6309 6308
17773 6249 6250 6310 6309
17774 6250 6251 6311 6310
17775 6251 6252 6312 6311
17776 6252 6253 6313 6312
17777 6253 6254 6314 6313
17778 6254 6255 6315 6314
17779 6255 6256 6316 6315
17780 6256 6257 6317 6316
17781 6257 6258 6318 6317
17782 6258 6259 6319 6318
17783 6259 6260 6320 6319
17784 6260 6261 6321 6320
17785 6261 6262 6322 6321
17786 6262 6263 6323 6322
17787 6263 6264 6324 6323
17788 6264 6265 6325 6324
17789 6265 6266 6326 6325
17790 6266 6267 6327 6326
17791 6267 6268 6328 6327
17792 6268 6269 6329 6328
17793 6269 6270 6330 6329
17794 6270 6271 6331 6330
17795 6271 6272 6332 6331
17796 6272 6273 6333 6332
17797 6273 6274 6334 6333
17798 6274 6275 6335 6334
17799 6275 6276 6336 6335
17800 6276 6277 6337 6336
17801 6277 6278 6338 6337
17802 6278 6279 6339 6338
17803 6279 6280 6340 6339
17804 6280 6281 6341 6340
17805 6281 6282 6342 6341
17806 6282 5796 5795 6342
19980 2511 6283 6343 2512
19981 6283 6284 6344 6343
19982 6284 6285 6345 6344
19983 6285 6286 6346 6345
19984 6286 6287 6347 6346
19985 6287 6288 6348 6347
19986 6288 6289 6349 6348
19987 6289 6290 6350 6349
19988 6290 6291 6351 6350
19989 6291 6292 6352 6351
19990 6292 6293 6353 6352
19991 6293 6294 6354 6353
19992 6294 6295 6355 6354
19993 6295 6296 6356 6355
19994 6296 6297 6357 6356
19995 6297 6298 6358 6357
19996 6298 6299 6359 6358
19997 6299 6300 6360 6359
19998 6300 6301 6361 6360
19999 6301 6302 6362 6361
20000 6302 6303 6363 6362
20001 6303 6304 6364 6363
20002 6304 6305 6365 6364
20003 6305 6306 6366 6365
20004 6306 6307 6367 6366
20005 6307 6308 6368 6367
20006 6308 6309 6369 6368
20007 6309 6310 6370 6369
20008 6310 6311 6371 6370
20009 6311 6312 6372 6371
20010 6312 6313 6373 6372
20011 6313 6314 6374 6373
20012 6314 6315 6375 6374
20013 6315 6316 6376 6375
20014 6316 6317 6377 6376
20015 6317 6318 6378 6377
20016 6318 6319 6379 6378
20017 6319 6320 6380 6379
20018 6320 6321 6381 6380
20019 6321 6322 6382 6381
20020 6322 6323 6383 6382
20021 6323 6324 6384 6383
20022 6324 6325 6385 6384
20023 6325 6326 6386 6385
20024 6326 6327 6387 6386
20025 6327 6328 6388 6387
20026 6328 6329 6389 6388
20027 6329 6330 6390 6389
20028 6330 6331 6391 6390
20029 6331 6332 6392 6391
20030 6332 6333 6393 6392
20031 6333 6334 6394 6393
20032 6334 6335 6395 6394
20033 6335 6336 6396 6395
20034 6336 6337 6397 6396
20035 6337 6338 6398 6397
20036 6338 6339 6399 6398
20037 6339 6340 6400 6399
20038 6340 6341 6401 6400
20039 6341 6342 6402 6401
20040 6342 5795 5794 6402
22214 2512 6343 6403 2513
22215 6343 6344 6404 6403
22216 6344 6345 6405 6404
22217 6345 6346 6406 6405
22218 6346 6347 6407 6406
22219 6347 6348 6408 6407
22220 6348 6349 6409 6408
22221 6349 6350 6410 6409
22222 6350 6351 6411 6410
22223 6351 6352 6412 6411
22224 6352 6353 6413 6412
22225 6353 6354 6414 6413
22226 6354 6355 6415 6414
22227 6355 6356 6416 6415
22228 6356 6357 6417 6416
22229 6357 6358 6418 6417
22230 6358 6359 6419 6418
22231 6359 6360 6420 6419
22232 6360 6361 6421 6420
22233 6361 6362 6422 6421
22234 6362 6363 6423 6422
22235 6363 6364 6424 6423
22236 6364 6365 6425 6424
22237 6365 6366 6426 6425
22238 6366 6367 6427 6426
22239 6367 6368 6428 6427
22240 6368 6369 6429 6428
22241 6369 6370 6430 6429
22242 6370 6371 6431 6430
22243 6371 6372 6432 6431
22244 6372 6373 6433 6432
22245 6373 6374 6434 6433
22246 6374 6375 6435 6434
22247 6375 6376 6436 6435
22248 6376 6377 6437 6436
22249 6377 6378 6438 6437
22250 6378 6379 6439 6438
22251 6379 6380 6440 6439
22252 6380 6381 6441 6440
22253 6381 6382 6442 6441
22254 6382 6383 6443 6442
22255 6383 6384 6444 6443
22256 6384 6385 6445 6444
22257 6385 6386 6446 6445
22258 6386 6387 6447 6446
22259 6387 6388 6448 6447
22260 6388 6389 6449 6448
22261 6389 6390 6450 6449
22262 6390 6391 6451 6450
22263 6391 6392 6452 6451
22264 6392 6393 6453 6452
22265 6393 6394 6454 6453
22266 6394 6395 6455 6454
22267 6395 6396 6456 6455
22268 6396 6397 6457 6456
22269 6397 6398 6458 6457
22270 6398 6399 6459 6458
22271 6399 6400 6460 6459
22272 6400 6401 6461 6460
22273 6401 6402 6462 6461
22274 6402 5794 5793 6462
24448 2513 6403 6463 2514
24449 6403 6404 6464 6463
24450 6404 6405 6465 6464
24451 6405 6406 6466 6465
24452 6406 6407 6467 6466
24453 6407 6408 6468 6467
24454 6408 6409 6469 6468
24455 6409 6410 6470 6469
24456 6410 6411 6471 6470
24457 6411 6412 6472 6471
24458 6412 6413 6473 6472
24459 6413 6414 6474 6473
24460 6414 6415 6475 6474
24461 6415 6416 6476 6475
24462 6416 6417 6477 6476
24463 6417 6418 6478 6477
24464 6418 6419 6479 6478
24465 6419 6420 6480 6479
24466 6420 6421 6481 6480
24467 6421 6422 6482 6481
24468 6422 6423 6483 6482
24469 6423 6424 6484 6483
24470 6424 6425 6485 6484
24471 6425 6426 6486 6485
24472 6426 6427 6487 6486
24473 6427 6428 6488 6487
24474 6428 6429 6489 6488
24475 6429 6430 6490 6489
24476 6430 6431 6491 6490
24477 6431 6432 6492 6491
24478 6432 6433 6493 6492
24479 6433 6434 6494 6493
24480 6434 6435 6495 6494
24481 6435 6436 6496 6495
24482 6436 6437 6497 6496
24483 6437 6438 6498 6497
24484 6438 6439 6499 6498
24485 6439 6440 6500 6499
24486 6440 6441 6501 6500
24487 6441 6442 6502 6501
24488 6442 6443 6503 6502
24489 6443 6444 6504 6503
24490 6444 6445 6505 6504
24491 6445 6446 6506 6505
24492 6446 6447 6507 6506
24493 6447 6448 6508 6507
24494 6448 6449 6509 6508
24495 6449 6450 6510 6509
24496 6450 6451 6511 6510
24497 6451 6452 6512 6511
24498 6452 6453 6513 6512
24499 6453 6454 6514 6513
24500 6454 6455 6515 6514
24501 6455 6456 6516 6515
24502 6456 6457 6517 6516
24503 6457 6458 6518 6517
24504 6458 6459 6519 6518
24505 6459 6460 6520 6519
24506 6460 6461 6521 6520
24507 6461 6462 6522 6521
24508 6462 5793 5792 6522
26682 2514 6463 6523 2515
26683 6463 6464 6524 6523
26684 6464 6465 6525 6524
26685 6465 6466 6526 6525
26686 6466 6467 6527 6526
26687 6467 6468 6528 6527
26688 6468 6469 6529 6528
26689 6469 6470 6530 6529
26690 6470 6471 6531 6530
26691 6471 6472 6532 6531
26692 6472 6473 6533 6532
26693 6473 6474 6534 6533
26694 6474 6475 6535 6534
26695 6475 6476 6536 6535
26696 6476 6477 6537 6536
26697 6477 6478 6538 6537
26698 6478 6479 6539 6538
26699 6479 6480 6540 6539
26700 6480 6481 6541 6540
26701 6481 6482 6542 6541
26702 6482 6483 6543 6542
26703 6483 6484 6544 6543
26704 6484 6485 6545 6544
26705 6485 6486 6546 6545
26706 6486 6487 6547 6546
26707 6487 6488 6548 6547
26708 6488 6489 6549 6548
26709 6489 6490 6550 6549
26710 6490 6491 6551 6550
26711 6491 6492 6552 6551
26712 6492 6493 6553 6552
26713 6493 6494 6554 6553
26714 6494 6495 6555 6554
26715 6495 6496 6556 6555
26716 6496 6497 6557 6556
26717 6497 6498 6558 6557
26718 6498 6499 6559 6558
26719 6499 6500 6560 6559
26720 6500 6501 6561 6560
26721 6501 6502 6562 6561
26722 6502 6503 6563 6562
26723 6503 6504 6564 6563
26724 6504 6505 6565 6564
26725 6505 6506 6566 6565
26726 6506 6507 6567 6566
26727 6507 6508 6568 6567
26728 6508 6509 6569 6568
26729 6509 6510 6570 6569
26730 6510 6511 6571 6570
26731 6511 6512 6572 6571
26732 6512 6513 6573 6572
26733 6513 6514 6574 6573
26734 6514 6515 6575 6574
26735 6515 6516 6576 6575
26736 6516 6517 6577 6576
26737 6517 6518 6578 6577
26738 6518 6519 6579 6578
26739 6519 6520 6580 6579
26740 6520 6521 6581 6580
26741 6521 6522 6582 6581
26742 6522 5792 5791 6582
28916 2515 6523 6583 2516
28917 6523 6524 6584 6583
28918 6524 6525 6585 6584
28919 6525 6526 6586 6585
28920 6526 6527 6587 6586
28921 6527 6528 6588 6587
28922 6528 6529 6589 6588
28923 6529 6530 6590 6589
28924 6530 6531 6591 6590
28925 6531 6532 6592 6591
28926 6532 6533 6593 6592
28927 6533 6534 6594 6593
28928 6534 6535 6595 6594
28929 6535 6536 6596 6595
28930 6536 6537 6597 6596
28931 6537 6538 6598 6597
28932 6538 6539 6599 6598
28933 6539 6540 6600 6599
28934 6540 6541 6601 6600
28935 6541 6542 6602 6601
28936 6542 6543 6603 6602
28937 6543 6544 6604 6603
28938 6544 6545 6605 6604
28939 6545 6546 6606 6605
28940 6546 6547 6607 6606
28941 6547 6548 6608 6607
28942 6548 6549 6609 6608
28943 6549 6550 6610 6609
28944 6550 6551 6611 6610
28945 6551 6552 6612 6611
28946 6552 6553 6613 6612
28947 6553 6554 6614 6613
28948 6554 6555 6615 6614
28949 6555 6556 6616 6615
28950 6556 6557 6617 6616
28951 6557 6558 6618 6617
28952 6558 6559 6619 6618
28953 6559 6560 6620 6619
28954 6560 6561 6621 6620
28955 6561 6562 6622 6621
28956 6562 6563 6623 6622
28957 6563 6564 6624 6623
28958 6564 6565 6625 6624
28959 6565 6566 6626 6625
28960 6566 6567 6627 6626
28961 6567 6568 6628 6627
28962 6568 6569 6629 6628
28963 6569 6570 6630 6629
28964 6570 6571 6631 6630
28965 6571 6572 6632 6631
28966 6572 6573 6633 6632
28967 6573 6574 6634 6633
28968 6574 6575 6635 6634
28969 6575 6576 6636 6635
28970 6576 6577 6637 6636
28971 6577 6578 6638 6637
28972 6578 6579 6639 6638
28973 6579 6580 6640 6639
28974 6580 6581 6641 6640
28975 6581 6582 6642 6641
28976 6582 5791 5790 6642
31150 2516 6583 6643 2517
31151 6583 6584 6644 6643
31152 6584 6585 6645 6644
31153 6585 6586 6646 6645
31154 6586 6587 6647 6646
31155 6587 6588 6648 6647
31156 6588 6589 6649 6648
31157 6589 6590 6650 6649
31158 6590 6591 6651 6650
31159 6591 6592 6652 6651
31160 6592 6593 6653 6652
31161 6593 6594 6654 6653
31162 6594 6595 6655 6654
31163 6595 6596 6656 6655
31164 6596 6597 6657 6656
31165 6597 6598 6658 6657
31166 6598 6599 6659 6658
31167 6599 6600 6660 6659
31168 6600 6601 6661 6660
31169 6601 6602 6662 6661
31170 6602 6603 6663 6662
31171 6603 6604 6664 6663
31172 6604 6605 6665 6664
31173 6605 6606 6666 6665
31174 6606 6607 6667 6666
31175 6607 6608 6668 6667
31176 6608 6609 6669 6668
31177 6609 6610 6670 6669
31178 6610 6611 6671 6670
31179 6611 6612 6672 6671
31180 6612 6613 6673 6672
31181 6613 6614 6674 6673
31182 6614 6615 6675 6674
31183 6615 6616 6676 6675
31184 6616 6617 6677 6676
31185 6617 6618 6678 6677
31186 6618 6619 6679 6678
31187 6619 6620 6680 6679
31188 6620 6621 6681 6680
31189 6621 6622 6682 6681
31190 6622 6623 6683 6682
31191 6623 6624 6684 6683
31192 6624 6625 6685 6684
31193 6625 6626 6686 6685
31194 6626 6627 6687 6686
31195 6627 6628 6688 6687
31196 6628 6629 6689 6688
31197 6629 6630 6690 6689
31198 6630 6631 6691 6690
31199 6631 6632 6692 6691
31200 6632 6633 6693 6692
31201 6633 6634 6694 6693
31202 6634 6635 6695 6694
31203 6635 6636 6696 6695
31204 6636 6637 6697 6696
31205 6637 6638 6698 6697
31206 6638 6639 6699 6698
31207 6639 6640 6700 6699
31208 6640 6641 6701 6700
31209 6641 6642 6702 6701
31210 6642 5790 5789 6702
33384 2517 6643 6703 2518
33385 6643 6644 6704 6703
33386 6644 6645 6705 6704
33387 6645 6646 6706 6705
33388 6646 6647 6707 6706
33389 6647 6648 6708 6707
33390 6648 6649 6709 6708
33391 6649 6650 6710 6709
33392 6650 6651 6711 6710
33393 6651 6652 6712 6711
33394 6652 6653 6713 6712
33395 6653 6654 6714 6713
33396 6654 6655 6715 6714
33397 6655 6656 6716 6715
33398 6656 6657 6717 6716
33399 6657 6658 6718 6717
33400 6658 6659 6719 6718
33401 6659 6660 6720 6719
33402 6660 6661 6721 6720
33403 6661 6662 6722 6721
33404 6662 6663 6723 6722
33405 6663 6664 6724 6723
33406 6664 6665 6725 6724
33407 6665 6666 6726 6725
33408 6666 6667 6727 6726
33409 6667 6668 6728 6727
33410 6668 6669 6729 6728
33411 6669 6670 6730 6729
33412 6670 6671 6731 6730
33413 6671 6672 6732 6731
33414 6672 6673 6733 6732
33415 6673 6674 6734 6733
33416 6674 6675 6735 6734
33417 6675 6676 6736 6735
33418 6676 6677 6737 6736
33419 6677 6678 6738 6737
33420 6678 6679 6739 6738
33421 6679 6680 6740 6739
33422 6680 6681 6741 6740
33423 6681 6682 6742 6741
33424 6682 6683 6743 6742
33425 6683 6684 6744 6743
33426 6684 6685 6745 6744
33427 6685 6686 6746 6745
33428 6686 6687 6747 6746
33429 6687 6688 6748 6747
33430 6688 6689 6749 6748
33431 6689 6690 6750 6749
33432 6690 6691 6751 6750
33433 6691 6692 6752 6751
33434 6692 6693 6753 6752
33435 6693 6694 6754 6753
33436 6694 6695 6755 6754
33437 6695 6696 6756 6755
33438 6696 6697 6757 6756
33439 6697 6698 6758 6757
33440 6698 6699 6759 6758
33441 6699 6700 6760 6759
33442 6700 6701 6761 6760
33443 6701 6702 6762 6761
33444 6702 5789 5788 6762
35618 2518 6703 6763 2519
35619 6703 6704 6764 6763
35620 6704 6705 6765 6764
35621 6705 6706 6766 6765
35622 6706 6707 6767 6766
35623 6707 6708 6768 6767
35624 6708 6709 6769 6768
35625 6709 6710 6770 6769
35626 6710 6711 6771 6770
35627 6711 6712 6772 6771
35628 6712 6713 6773 6772
35629 6713 6714 6774 6773
35630 6714 6715 6775 6774
35631 6715 6716 6776 6775
35632 6716 6717 6777 6776
35633 6717 6718 6778 6777
35634 6718 6719 6779 6778
35635 6719 6720 6780 6779
35636 6720 6721 6781 6780
35637 6721 6722 6782 6781
35638 6722 6723 6783 6782
35639 6723 6724 6784 6783
35640 6724 6725 6785 6784
35641 6725 6726 6786 6785
35642 6726 6727 6787 6786
35643 6727 6728 6788 6787
35644 6728 6729 6789 6788
35645 6729 6730 6790 6789
35646 6730 6731 6791 6790
35647 6731 6732 6792 6791
35648 6732 6733 6793 6792
35649 6733 6734 6794 6793
35650 6734 6735 6795 6794
35651 6735 6736 6796 6795
35652 6736 6737 6797 6796
35653 6737 6738 6798 6797
35654 6738 6739 6799 6798
35655 6739 6740 6800 6799
35656 6740 6741 6801 6800
35657 6741 6742 6802 6801
35658 6742 6743 6803 6802
35659 6743 6744 6804 6803
35660 6744 6745 6805 6804
35661 6745 6746 6806 6805
35662 6746 6747 6807 6806
35663 6747 6748 6808 6807
35664 6748 6749 6809 6808
35665 6749 6750 6810 6809
35666 6750 6751 6811 6810
35667 6751 6752 6812 6811
35668 6752 6753 6813 6812
35669 6753 6754 6814 6813
35670 6754 6755 6815 6814
35671 6755 6756 6816 6815
35672 6756 6757 6817 6816
35673 6757 6758 6818 6817
35674 6758 6759 6819 6818
35675 6759 6760 6820 6819
35676 6760 6761 6821 6820
35677 6761 6762 6822 6821
35678 6762 5788 5787 6822
37852 2519 6763 6823 2520
37853 6763 6764 6824 6823
37854 6764 6765 6825 6824
37855 6765 6766 6826 6825
37856 6766 6767 6827 6826
37857 6767 6768 6828 6827
37858 6768 6769 6829 6828
37859 6769 6770 6830 6829
37860 6770 6771 6831 6830
37861 6771 6772 6832 6831
37862 6772 6773 6833 6832
37863 6773 6774 6834 6833
37864 6774 6775 6835 6834
37865 6775 6776 6836 6835
37866 6776 6777 6837 6836
37867 6777 6778 6838 6837
37868 6778 6779 6839 6838
37869 6779 6780 6840 6839
37870 6780 6781 6841 6840
37871 6781 6782 6842 6841
37872 6782 6783 6843 6842
37873 6783 6784 6844 6843
37874 6784 6785 6845 6844
37875 6785 6786 6846 6845
37876 6786 6787 6847 6846
37877 6787 6788 6848 6847
37878 6788 6789 6849 6848
37879 6789 6790 6850 6849
37880 6790 6791 6851 6850
37881 6791 6792 6852 6851
37882 6792 6793 6853 6852
37883 6793 6794 6854 6853
37884 6794 6795 6855 6854
37885 6795 6796 6856 6855
37886 6796 6797 6857 6856
37887 6797 6798 6858 6857
37888 6798 6799 6859 6858
37889 6799 6800 6860 6859
37890 6800 6801 6861 6860
37891 6801 6802 6862 6861
37892 6802 6803 6863 6862
37893 6803 6804 6864 6863
37894 6804 6805 6865 6864
37895 6805 6806 6866 6865
37896 6806 6807 6867 6866
37897 6807 6808 6868 6867
37898 6808 6809 6869 6868
37899 6809 6810 6870 6869
37900 6810 6811 6871 6870
37901 6811 6812 6872 6871
37902 6812 6813 6873 6872
37903 6813 6814 6874 6873
37904 6814 6815 6875 6874
37905 6815 6816 6876 6875
37906 6816 6817 6877 6876
37907 6817 6818 6878 6877
37908 6818 6819 6879 6878
37909 6819 6820 6880 6879
37910 6820 6821 6881 6880
37911 6821 6822 6882 6881
37912 6822 5787 5786 6882
40086 2520 6823 6883 2521
40087 6823 6824 6884 6883
40088 6824 6825 6885 6884
40089 6825 6826 6886 6885
40090 6826 6827 6887 6886
40091 6827 6828 6888 6887
40092 6828 6829 6889 6888
40093 6829 6830 6890 6889
40094 6830 6831 6891 6890
40095 6831 6832 6892 6891
40096 6832 6833 6893 6892
40097 6833 6834 6894 6893
40098 6834 6835 6895 6894
40099 6835 6836 6896 6895
40100 6836 6837 6897 6896
40101 6837 6838 6898 6897
40102 6838 6839 6899 6898
40103 6839 6840 6900 6899
40104 6840 6841 6901 6900
40105 6841 6842 6902 6901
40106 6842 6843 6903 6902
40107 6843 6844 6904 6903
40108 6844 6845 6905 6904
40109 6845 6846 6906 6905
40110 6846 6847 6907 6906
40111 6847 6848 6908 6907
40112 6848 6849 6909 6908
40113 6849 6850 6910 6909
40114 6850 6851 6911 6910
40115 6851 6852 6912 6911
40116 6852 6853 6913 6912
40117 6853 6854 6914 6913
40118 6854 6855 6915 6914
40119 6855 6856 6916 6915
40120 6856 6857 6917 6916
40121 6857 6858 6918 6917
40122 6858 6859 6919 6918
40123 6859 6860 6920 6919
40124 6860 6861 6921 6920
40125 6861 6862 6922 6921
40126 6862 6863 6923 6922
40127 6863 6864 6924 6923
40128 6864 6865 6925 6924
40129 6865 6866 6926 6925
40130 6866 6867 6927 6926
40131 6867 6868 6928 6927
40132 6868 6869 6929 6928
40133 6869 6870 6930 6929
40134 6870 6871 6931 6930
40135 6871 6872 6932 6931
40136 6872 6873 6933 6932
40137 6873 6874 6934 6933
40138 6874 6875 6935 6934
40139 6875 6876 6936 6935
40140 6876 6877 6937 6936
40141 6877 6878 6938 6937
40142 6878 6879 6939 6938
40143 6879 6880 6940 6939
40144 6880 6881 6941 6940
40145 6881 6882 6942 6941
40146 6882 5786 5785 6942
42320 2521 6883 6943 2522
42321 6883 6884 6944 6943
42322 6884 6885 6945 6944
42323 6885 6886 6946 6945
42324 6886 6887 6947 6946
42325 6887 6888 6948 6947
42326 6888 6889 6949 6948
42327 6889 6890 6950 6949
42328 6890 6891 6951 6950
42329 6891 6892 6952 6951
42330 6892 6893 6953 6952
42331 6893 6894 6954 6953
42332 6894 6895 6955 6954
42333 6895 6896 6956 6955
42334 6896 6897 6957 6956
42335 6897 6898 6958 6957
42336 6898 6899 6959 6958
42337 6899 6900 6960 6959
42338 6900 6901 6961 6960
42339 6901 6902 6962 6961
42340 6902 6903 6963 6962
42341 6903 6904 6964 6963
42342 6904 6905 6965 6964
42343 6905 6906 6966 6965
42344 6906 6907 6967 6966
42345 6907 6908 6968 6967
42346 6908 6909 6969 6968
42347 6909 6910 6970 6969
42348 6910 6911 6971 6970
42349 6911 6912 6972 6971
42350 6912 6913 6973 6972
42351 6913 6914 6974 6973
42352 6914 6915 6975 6974
42353 6915 6916 6976 6975
42354 6916 6917 6977 6976
42355 6917 6918 6978 6977
42356 6918 6919 6979 6978
42357 6919 6920 6980 6979
42358 6920 6921 6981 6980
42359 6921 6922 6982 6981
42360 6922 6923 6983 6982
42361 6923 6924 6984 6983
42362 6924 6925 6985 6984
42363 6925 6926 6986 6985
42364 6926 6927 6987 6986
42365 6927 6928 6988 6987
42366 6928 6929 6989 6988
42367 6929 6930 6990 6989
42368 6930 6931 6991 6990
42369 6931 6932 6992 6991
42370 6932 6933 6993 6992
42371 6933 6934 6994 6993
42372 6934 6935 6995 6994
42373 6935 6936 6996 6995
42374 6936 6937 6997 6996
42375 6937 6938 6998 6997
42376 6938 6939 6999 6998
42377 6939 6940 7000 6999
42378 6940 6941 7001 7000
42379 6941 6942 7002 7001
42380 6942 5785 5784 7002
44554 2522 6943 7003 2523
44555 6943 6944 7004 7003
44556 6944 6945 7005 7004
44557 6945 6946 7006 7005
44558 6946 6947 7007 7006
44559 6947 6948 7008 7007
44560 6948 6949 7009 7008
44561 6949 6950 7010 7009
44562 6950 6951 7011 7010
44563 6951 6952 7012 7011
44564 6952 6953 7013 7012
44565 6953 6954 7014 7013
44566 6954 6955 7015 7014
44567 6955 6956 7016 7015
44568 6956 6957 7017 7016
44569 6957 6958 7018 7017
44570 6958 6959 7019 7018
44571 6959 6960 7020 7019
44572 6960 6961 7021 7020
44573 6961 6962 7022 7021
44574 6962 6963 7023 7022
44575 6963 6964 7024 7023
44576 6964 6965 7025 7024
44577 6965 6966 7026 7025
44578 6966 6967 7027 7026
44579 6967 6968 7028 7027
44580 6968 6969 7029 7028
44581 6969 6970 7030 7029
44582 6970 6971 7031 7030
44583 6971 6972 7032 7031
44584 6972 6973 7033 7032
44585 6973 6974 7034 7033
44586 6974 6975 7035 7034
44587 6975 6976 7036 7035
44588 6976 6977 7037 7036
44589 6977 6978 7038 7037
44590 6978 6979 7039 7038
44591 6979 6980 7040 7039
44592 6980 6981 7041 7040
44593 6981 6982 7042 7041
44594 6982 6983 7043 7042
44595 6983 6984 7044 7043
44596 6984 6985 7045 7044
44597 6985 6986 7046 7045
44598 6986 6987 7047 7046
44599 6987 6988 7048 7047
44600 6988 6989 7049 7048
44601 6989 6990 7050 7049
44602 6990 6991 7051 7050
44603 6991 6992 7052 7051
44604 6992 6993 7053 7052
44605 6993 6994 7054 7053
44606 6994 6995 7055 7054
44607 6995 6996 7056 7055
44608 6996 6997 7057 7056
44609 6997 6998 7058 7057
44610 6998 6999 7059 7058
44611 6999 7000 7060 7059
44612 7000 7001 7061 7060
44613 7001 7002 7062 7061
44614 7002 5784 5783 7062
46788 2523 7003 7063 2524
46789 7003 7004 7064 7063
46790 7004 7005 7065 7064
46791 7005 7006 7066 7065
46792 7006 7007 7067 7066
46793 7007 7008 7068 7067
46794 7008 7009 7069 7068
46795 7009 7010 7070 7069
46796 7010 7011 7071 7070
46797 7011 7012 7072 7071
46798 7012 7013 7073 7072
46799 7013 7014 7074 7073
46800 7014 7015 7075 7074
46801 7015 7016 7076 7075
46802 7016 7017 7077 7076
46803 7017 7018 7078 7077
46804 7018 7019 7079 7078
46805 7019 7020 7080 7079
46806 7020 7021 7081 7080
46807 7021 7022 7082 7081
46808 7022 7023 7083 7082
46809 7023 7024 7084 7083
46810 7024 7025 7085 7084
46811 7025 7026 7086 7085
46812 7026 7027 7087 7086
46813 7027 7028 7088 7087
46814 7028 7029 7089 7088
46815 7029 7030 7090 7089
46816 7030 7031 7091 7090
46817 7031 7032 7092 7091
46818 7032 7033 7093 7092
46819 7033 7034 7094 7093
46820 7034 7035 7095 7094
46821 7035 7036 7096 7095
46822 7036 7037 7097 7096
46823 7037 7038 7098 7097
46824 7038 7039 7099 7098
46825 7039 7040 7100 7099
46826 7040 7041 7101 7100
46827 7041 7042 7102 7101
46828 7042 7043 7103 7102
46829 7043 7044 7104 7103
46830 7044 7045 7105 7104
46831 7045 7046 7106 7105
46832 7046 7047 7107 7106
46833 7047 7048 7108 7107
46834 7048 7049 7109 7108
46835 7049 7050 7110 7109
46836 7050 7051 7111 7110
46837 7051 7052 7112 7111
46838 7052 7053 7113 7112
46839 7053 7054 7114 7113
46840 7054 7055 7115 7114
46841 7055 7056 7116 7115
46842 7056 7057 7117 7116
46843 7057 7058 7118 7117
46844 7058 7059 7119 7118
46845 7059 7060 7120 7119
46846 7060 7061 7121 7120
46847 7061 7062 7122 7121
46848 7062 5783 5782 7122
49022 2524 7063 7123 2525
49023 7063 7064 7124 7123
49024 7064 7065 7125 7124
49025 7065 7066 7126 7125
49026 7066 7067 7127 7126
49027 7067 7068 7128 7127
49028 7068 7069 7129 7128
49029 7069 7070 7130 7129
49030 7070 7071 7131 7130
49031 7071 7072 7132 7131
49032 7072 7073 7133 7132
49033 7073 7074 7134 7133
49034 7074 7075 7135 7134
49035 7075 7076 7136 7135
49036 7076 7077 7137 7136
49037 7077 7078 7138 7137
49038 7078 7079 7139 7138
49039 7079 7080 7140 7139
49040 7080 7081 7141 7140
49041 7081 7082 7142 7141
49042 7082 7083 7143 7142
49043 7083 7084 7144 7143
49044 7084 7085 7145 7144
49045 7085 7086 7146 7145
49046 7086 7087 7147 7146
49047 7087 7088 7148 7147
49048 7088 7089 7149 7148
49049 7089 7090 7150 7149
49050 7090 7091 7151 7150
49051 7091 7092 7152 7151
49052 7092 7093 7153 7152
49053 7093 7094 7154 7153
49054 7094 7095 7155 7154
49055 7095 7096 7156 7155
49056 7096 7097 7157 7156
49057 7097 7098 7158 7157
49058 7098 7099 7159 7158
49059 7099 7100 7160 7159
49060 7100 7101 7161 7160
49061 7101 7102 7162 7161
49062 7102 7103 7163 7162
49063 7103 7104 7164 7163
49064 7104 7105 7165 7164
49065 7105 7106 7166 7165
49066 7106 7107 7167 7166
49067 7107 7108 7168 7167
49068 7108 7109 7169 7168
49069 7109 7110 7170 7169
49070 7110 7111 7171 7170
49071 7111 7112 7172 7171
49072 7112 7113 7173 7172
49073 7113 7114 7174 7173
49074 7114 7115 7175 7174
49075 7115 7116 7176 7175
49076 7116 7117 7177 7176
49077 7117 7118 7178 7177
49078 7118 7119 7179 7178
49079 7119 7120 7180 7179
49080 7120 7121 7181 7180
49081 7121 7122 7182 7181
49082 7122 5782 5781 7182
51256 2525 7123 7183 2526
51257 7123 7124 7184 7183
51258 7124 7125 7185 7184
51259 7125 7126 7186 7185
51260 7126 7127 7187 7186
51261 7127 7128 7188 7187
51262 7128 7129 7189 7188
51263 7129 7130 7190 7189
51264 7130 7131 7191 7190
51265 7131 7132 7192 7191
51266 7132 7133 7193 7192
51267 7133 7134 7194 7193
51268 7134 7135 7195 7194
51269 7135 7136 7196 7195
51270 7136 7137 7197 7196
51271 7137 7138 7198 7197
51272 7138 7139 7199 7198
51273 7139 7140 7200 7199
51274 7140 7141 7201 7200
51275 7141 7142 7202 7201
51276 7142 7143 7203 7202
51277 7143 7144 7204 7203
51278 7144 7145 7205 7204
51279 7145 7146 7206 7205
51280 7146 7147 7207 7206
51281 7147 7148 7208 7207
51282 7148 7149 7209 7208
51283 7149 7150 7210 7209
51284 7150 7151 7211 7210
51285 7151 7152 7212 7211
51286 7152 7153 7213 7212
51287 7153 7154 7214 7213
51288 7154 7155 7215 7214
51289 7155 7156 7216 7215
51290 7156 7157 7217 7216
51291 7157 7158 7218 7217
51292 7158 7159 7219 7218
51293 7159 7160 7220 7219
51294 7160 7161 7221 7220
51295 7161 7162 7222 7221
51296 7162 7163 7223 7222
51297 7163 7164 7224 7223
51298 7164 7165 7225 7224
51299 7165 7166 7226 7225
51300 7166 7167 7227 7226
51301 7167 7168 7228 7227
51302 7168 7169 7229 7228
51303 7169 7170 7230 7229
51304 7170 7171 7231 7230
51305 7171 7172 7232 7231
51306 7172 7173 7233 7232
51307 7173 7174 7234 7233
51308 7174 7175 7235 7234
51309 7175 7176 7236 7235
51310 7176 7177 7237 7236
51311 7177 7178 7238 7237
51312 7178 7179 7239 7238
51313 7179 7180 7240 7239
51314 7180 7181 7241 7240
51315 7181 7182 7242 7241
51316 7182 5781 5780 7242
53490 2526 7183 7243 2527
53491 7183 7184 7244 7243
53492 7184 7185 7245 7244
53493 7185 7186 7246 7245
53494 7186 7187 7247 7246
53495 7187 7188 7248 7247
53496 7188 7189 7249 7248
53497 7189 7190 7250 7249
53498 7190 7191 7251 7250
53499 7191 7192 7252 7251
53500 7192 7193 7253 7252
53501 7193 7194 7254 7253
53502 7194 7195 7255 7254
53503 7195 7196 7256 7255
53504 7196 7197 7257 7256
53505 7197 7198 7258 7257
53506 7198 7199 7259 7258
53507 7199 7200 7260 7259
53508 7200 7201 7261 7260
53509 7201 7202 7262 7261
53510 7202 7203 7263 7262
53511 7203 7204 7264 7263
53512 7204 7205 7265 7264
53513 7205 7206 7266 7265
53514 7206 7207 7267 7266
53515 7207 7208 7268 7267
53516 7208 7209 7269 7268
53517 7209 7210 7270 7269
53518 7210 7211 7271 7270
53519 7211 7212 7272 7271
53520 7212 7213 7273 7272
53521 7213 7214 7274 7273
53522 7214 7215 7275 7274
53523 7215 7216 7276 7275
53524 7216 7217 7277 7276
53525 7217 7218 7278 7277
53526 7218 7219 7279 7278
53527 7219 7220 7280 7279
53528 7220 7221 7281 7280
53529 7221 7222 7282 7281
53530 7222 7223 7283 7282
53531 7223 7224 7284 7283
53532 7224 7225 7285 7284
53533 7225 7226 7286 7285
53534 7226 7227 7287 7286
53535 7227 7228 7288 7287
53536 7228 7229 7289 7288
53537 7229 7230 7290 7289
53538 7230 7231 7291 7290
53539 7231 7232 7292 7291
53540 7232 7233 7293 7292
53541 7233 7234 7294 7293
53542 7234 7235 7295 7294
53543 7235 7236 7296 7295
53544 7236 7237 7297 7296
53545 7237 7238 7298 7297
53546 7238 7239 7299 7298
53547 7239 7240 7300 7299
53548 7240 7241 7301 7300
53549 7241 7242 7302 7301
53550 7242 5780 5779 7302
55724 2527 7243 7303 2528
55725 7243 7244 7304 7303
55726 7244 7245 7305 7304
55727 7245 7246 7306 7305
55728 7246 7247 7307 7306
55729 7247 7248 7308 7307
55730 7248 7249 7309 7308
55731 7249 7250 7310 7309
55732 7250 7251 7311 7310
55733 7251 7252 7312 7311
55734 7252 7253 7313 7312
55735 7253 7254 7314 7313
55736 7254 7255 7315 7314
55737 7255 7256 7316 7315
55738 7256 7257 7317 7316
55739 7257 7258 7318 7317
55740 7258 7259 7319 7318
55741 7259 7260 7320 7319
55742 7260 7261 7321 7320
55743 7261 7262 7322 7321
55744 7262 7263 7323 7322
55745 7263 7264 7324 7323
55746 7264 7265 7325 7324
55747 7265 7266 7326 7325
55748 7266 7267 7327 7326
55749 7267 7268 7328 7327
55750 7268 7269 7329 7328
55751 7269 7270 7330 7329
55752 7270 7271 7331 7330
55753 7271 7272 7332 7331
55754 7272 7273 7333 7332
55755 7273 7274 7334 7333
55756 7274 7275 7335 7334
55757 7275 7276 7336 7335
55758 7276 7277 7337 7336
55759 7277 7278 7338 7337
55760 7278 7279 7339 7338
55761 7279 7280 7340 7339
55762 7280 7281 7341 7340
55763 7281 7282 7342 7341
55764 7282 7283 7343 7342
55765 7283 7284 7344 7343
55766 7284 7285 7345 7344
55767 7285 7286 7346 7345
55768 7286 7287 7347 7346
55769 7287 7288 7348 7347
55770 7288 7289 7349 7348
55771 7289 7290 7350 7349
55772 7290 7291 7351 7350
55773 7291 7292 7352 7351
55774 7292 7293 7353 7352
55775 7293 7294 7354 7353
55776 7294 7295 7355 7354
55777 7295 7296 7356 7355
55778 7296 7297 7357 7356
55779 7297 7298 7358 7357
55780 7298 7299 7359 7358
55781 7299 7300 7360 7359
55782 7300 7301 7361 7360
55783 7301 7302 7362 7361
55784 7302 5779 5778 7362
57958 2528 7303 7363 2529
57959 7303 7304 7364 7363
57960 7304 7305 7365 7364
57961 7305 7306 7366 7365
57962 7306 7307 7367 7366
57963 7307 7308 7368 7367
57964 7308 7309 7369 7368
57965 7309 7310 7370 7369
57966 7310 7311 7371 7370
57967 7311 7312 7372 7371
57968 7312 7313 7373 7372
57969 7313 7314 7374 7373
57970 7314 7315 7375 7374
57971 7315 7316 7376 7375
57972 7316 7317 7377 7376
57973 7317 7318 7378 7377
57974 7318 7319 7379 7378
57975 7319 7320 7380 7379
57976 7320 7321 7381 7380
57977 7321 7322 7382 7381
57978 7322 7323 7383 7382
57979 7323 7324 7384 7383
57980 7324 7325 7385 7384
57981 7325 7326 7386 7385
57982 7326 7327 7387 7386
57983 7327 7328 7388 7387
57984 7328 7329 7389 7388
57985 7329 7330 7390 7389
57986 7330 7331 7391 7390
57987 7331 7332 7392 7391
57988 7332 7333 7393 7392
57989 7333 7334 7394 7393
57990 7334 7335 7395 7394
57991 7335 7336 7396 7395
57992 7336 7337 7397 7396
57993 7337 7338 7398 7397
57994 7338 7339 7399 7398
57995 7339 7340 7400 7399
57996 7340 7341 7401 7400
57997 7341 7342 7402 7401
57998 7342 7343 7403 7402
57999 7343 7344 7404 7403
58000 7344 7345 7405 7404
58001 7345 7346 7406 7405
58002 7346 7347 7407 7406
58003 7347 7348 7408 7407
58004 7348 7349 7409 7408
58005 7349 7350 7410 7409
58006 7350 7351 7411 7410
58007 7351 7352 7412 7411
58008 7352 7353 7413 7412
58009 7353 7354 7414 7413
58010 7354 7355 7415 7414
58011 7355 7356 7416 7415
58012 7356 7357 7417 7416
58013 7357 7358 7418 7417
58014 7358 7359 7419 7418
58015 7359 7360 7420 7419
58016 7360 7361 7421 7420
58017 7361 7362 7422 7421
58018 7362 5778 5777 7422
60192 2529 7363 7423 2530
60193 7363 7364 7424 7423
60194 7364 7365 7425 7424
60195 7365 7366 7426 7425
60196 7366 7367 7427 7426
60197 7367 7368 7428 7427
60198 7368 7369 7429 7428
60199 7369 7370 7430 7429
60200 7370 7371 7431 7430
60201 7371 7372 7432 7431
60202 7372 7373 7433 7432
60203 7373 7374 7434 7433
60204 7374 7375 7435 7434
60205 7375 7376 7436 7435
60206 7376 7377 7437 7436
60207 7377 7378 7438 7437
60208 7378 7379 7439 7438
60209 7379 7380 7440 7439
60210 7380 7381 7441 7440
60211 7381 7382 7442 7441
60212 7382 7383 7443 7442
60213 7383 7384 7444 7443
60214 7384 7385 7445 7444
60215 7385 7386 7446 7445
60216 7386 7387 7447 7446
60217 7387 7388 7448 7447
60218 7388 7389 7449 7448
60219 7389 7390 7450 7449
60220 7390 7391 7451 7450
60221 7391 7392 7452 7451
60222 7392 7393 7453 7452
60223 7393 7394 7454 7453
60224 7394 7395 7455 7454
60225 7395 7396 7456 7455
60226 7396 7397 7457 7456
60227 7397 7398 7458 7457
60228 7398 7399 7459 7458
60229 7399 7400 7460 7459
60230 7400 7401 7461 7460
60231 7401 7402 7462 7461
60232 7402 7403 7463 7462
60233 7403 7404 7464 7463
60234 7404 7405 7465 7464
60235 7405 7406 7466 7465
60236 7406 7407 7467 7466
60237 7407 7408 7468 7467
60238 7408 7409 7469 7468
60239 7409 7410 7470 7469
60240 7410 7411 7471 7470
60241 7411 7412 7472 7471
60242 7412 7413 7473 7472
60243 7413 7414 7474 7473
60244 7414 7415 7475 7474
60245 7415 7416 7476 7475
60246 7416 7417 7477 7476
60247 7417 7418 7478 7477
60248 7418 7419 7479 7478
60249 7419 7420 7480 7479
60250 7420 7421 7481 7480
60251 7421 7422 7482 7481
60252 7422 5777 5776 7482
62426 2530 7423 7483 2531
62427 7423 7424 7484 7483
62428 7424 7425 7485 7484
62429 7425 7426 7486 7485
62430 7426 7427 7487 7486
62431 7427 7428 7488 7487
62432 7428 7429 7489 7488
62433 7429 7430 7490 7489
62434 7430 7431 7491 7490
62435 7431 7432 7492 7491
62436 7432 7433 7493 7492
62437 7433 7434 7494 7493
62438 7434 7435 7495 7494
62439 7435 7436 7496 7495
62440 7436 7437 7497 7496
62441 7437 7438 7498 7497
62442 7438 7439 7499 7498
62443 7439 7440 7500 7499
62444 7440 7441 7501 7500
62445 7441 7442 7502 7501
62446 7442 7443 7503 7502
62447 7443 7444 7504 7503
62448 7444 7445 7505 7504
62449 7445 7446 7506 7505
62450 7446 7447 7507 7506
62451 7447 7448 7508 7507
62452 7448 7449 7509 7508
62453 7449 7450 7510 7509
62454 7450 7451 7511 7510
62455 7451 7452 7512 7511
62456 7452 7453 7513 7512
62457 7453 7454 7514 7513
62458 7454 7455 7515 7514
62459 7455 7456 7516 7515
62460 7456 7457 7517 7516
62461 7457 7458 7518 7517
62462 7458 7459 7519 7518
62463 7459 7460 7520 7519
62464 7460 7461 7521 7520
62465 7461 7462 7522 7521
62466 7462 7463 7523 7522
62467 7463 7464 7524 7523
62468 7464 7465 7525 7524
62469 7465 7466 7526 7525
62470 7466 7467 7527 7526
62471 7467 7468 7528 7527
62472 7468 7469 7529 7528
62473 7469 7470 7530 7529
62474 7470 7471 7531 7530
62475 7471 7472 7532 7531
62476 7472 7473 7533 7532
62477 7473 7474 7534 7533
62478 7474 7475 7535 7534
62479 7475 7476 7536 7535
62480 7476 7477 7537 7536
62481 7477 7478 7538 7537
62482 7478 7479 7539 7538
62483 7479 7480 7540 7539
62484 7480 7481 7541 7540
62485 7481 7482 7542 7541
62486 7482 5776 5775 7542
64660 2531 7483 7543 2532
64661 7483 7484 7544 7543
64662 7484 7485 7545 7544
64663 7485 7486 7546 7545
64664 7486 7487 7547 7546
64665 7487 7488 7548 7547
64666 7488 7489 7549 7548
64667 7489 7490 7550 7549
64668 7490 7491 7551 7550
64669 7491 7492 7552 7551
64670 7492 7493 7553 7552
64671 7493 7494 7554 7553
64672 7494 7495 7555 7554
64673 7495 7496 7556 7555
64674 7496 7497 7557 7556
64675 7497 7498 7558 7557
64676 7498 7499 7559 7558
64677 7499 7500 7560 7559
64678 7500 7501 7561 7560
64679 7501 7502 7562 7561
64680 7502 7503 7563 7562
64681 7503 7504 7564 7563
64682 7504 7505 7565 7564
64683 7505 7506 7566 7565
64684 7506 7507 7567 7566
64685 7507 7508 7568 7567
64686 7508 7509 7569 7568
64687 7509 7510 7570 7569
64688 7510 7511 7571 7570
64689 7511 7512 7572 7571
64690 7512 7513 7573 7572
64691 7513 7514 7574 7573
64692 7514 7515 7575 7574
64693 7515 7516 7576 7575
64694 7516 7517 7577 7576
64695 7517 7518 7578 7577
64696 7518 7519 7579 7578
64697 7519 7520 7580 7579
64698 7520 7521 7581 7580
64699 7521 7522 7582 7581
64700 7522 7523 7583 7582
64701 7523 7524 7584 7583
64702 7524 7525 7585 7584
64703 7525 7526 7586 7585
64704 7526 7527 7587 7586
64705 7527 7528 7588 7587
64706 7528 7529 7589 7588
64707 7529 7530 7590 7589
64708 7530 7531 7591 7590
64709 7531 7532 7592 7591
64710 7532 7533 7593 7592
64711 7533 7534 7594 7593
64712 7534 7535 7595 7594
64713 7535 7536 7596 7595
64714 7536 7537 7597 7596
64715 7537 7538 7598 7597
64716 7538 7539 7599 7598
64717 7539 7540 7600 7599
64718 7540 7541 7601 7600
64719 7541 7542 7602 7601
64720 7542 5775 5774 7602
66894 2532 7543 7603 2533
66895 7543 7544 7604 7603
66896 7544 7545 7605 7604
66897 7545 7546 7606 7605
66898 7546 7547 7607 7606
66899 7547 7548 7608 7607
66900 7548 7549 7609 7608
66901 7549 7550 7610 7609
66902 7550 7551 7611 7610
66903 7551 7552 7612 7611
66904 7552 7553 7613 7612
66905 7553 7554 7614 7613
66906 7554 7555 7615 7614
66907 7555 7556 7616 7615
66908 7556 7557 7617 7616
66909 7557 7558 7618 7617
66910 7558 7559 7619 7618
66911 7559 7560 7620 7619
66912 7560 7561 7621 7620
66913 7561 7562 7622 7621
66914 7562 7563 7623 7622
66915 7563 7564 7624 7623
66916 7564 7565 7625 7624
66917 7565 7566 7626 7625
66918 7566 7567 7627 7626
66919 7567 7568 7628 7627
66920 7568 7569 7629 7628
66921 7569 7570 7630 7629
66922 7570 7571 7631 7630
66923 7571 7572 7632 7631
66924 7572 7573 7633 7632
66925 7573 7574 7634 7633
66926 7574 7575 7635 7634
66927 7575 7576 7636 7635
66928 7576 7577 7637 7636
66929 7577 7578 7638 7637
66930 7578 7579 7639 7638
66931 7579 7580 7640 7639
66932 7580 7581 7641 7640
66933 7581 7582 7642 7641
66934 7582 7583 7643 7642
66935 7583 7584 7644 7643
66936 7584 7585 7645 7644
66937 7585 7586 7646 7645
66938 7586 7587 7647 7646
66939 7587 7588 7648 7647
66940 7588 7589 7649 7648
66941 7589 7590 7650 7649
66942 7590 7591 7651 7650
66943 7591 7592 7652 7651
66944 7592 7593 7653 7652
66945 7593 7594 7654 7653
66946 7594 7595 7655 7654
66947 7595 7596 7656 7655
66948 7596 7597 7657 7656
66949 7597 7598 7658 7657
66950 7598 7599 7659 7658
66951 7599 7600 7660 7659
66952 7600 7601 7661 7660
66953 7601 7602 7662 7661
66954 7602 5774 5773 7662
69128 2533 7603 7663 2534
69129 7603 7604 7664 7663
69130 7604 7605 7665 7664
69131 7605 7606 7666 7665
69132 7606 7607 7667 7666
69133 7607 7608 7668 7667
69134 7608 7609 7669 7668
69135 7609 7610 7670 7669
69136 7610 7611 7671 7670
69137 7611 7612 7672 7671
69138 7612 7613 7673 7672
69139 7613 7614 7674 7673
69140 7614 7615 7675 7674
69141 7615 7616 7676 7675
69142 7616 7617 7677 7676
69143 7617 7618 7678 7677
69144 7618 7619 7679 7678
69145 7619 7620 7680 7679
69146 7620 7621 7681 7680
69147 7621 7622 7682 7681
69148 7622 7623 7683 7682
69149 7623 7624 7684 7683
69150 7624 7625 7685 7684
69151 7625 7626 7686 7685
69152 7626 7627 7687 7686
69153 7627 7628 7688 7687
69154 7628 7629 7689 7688
69155 7629 7630 7690 7689
69156 7630 7631 7691 7690
69157 7631 7632 7692 7691
69158 7632 7633 7693 7692
69159 7633 7634 7694 7693
69160 7634 7635 7695 7694
69161 7635 7636 7696 7695
69162 7636 7637 7697 7696
69163 7637 7638 7698 7697
69164 7638 7639 7699 7698
69165 7639 7640 7700 7699
69166 7640 7641 7701 7700
69167 7641 7642 7702 7701
69168 7642 7643 7703 7702
69169 7643 7644 7704 7703
69170 7644 7645 7705 7704
69171 7645 7646 7706 7705
69172 7646 7647 7707 7706
69173 7647 7648 7708 7707
69174 7648 7649 7709 7708
69175 7649 7650 7710 7709
69176 7650 7651 7711 7710
69177 7651 7652 7712 7711
69178 7652 7653 7713 7712
69179 7653 7654 7714 7713
69180 7654 7655 7715 7714
69181 7655 7656 7716 7715
69182 7656 7657 7717 7716
69183 7657 7658 7718 7717
69184 7658 7659 7719 7718
69185 7659 7660 7720 7719
69186 7660 7661 7721 7720
69187 7661 7662 7722 7721
69188 7662 5773 5772 7722
71362 2534 7663 7723 2535
71363 7663 7664 7724 7723
71364 7664 7665 7725 7724
71365 7665 7666 7726 7725
71366 7666 7667 7727 7726
71367 7667 7668 7728 7727
71368 7668 7669 7729 7728
71369 7669 7670 7730 7729
71370 7670 7671 7731 7730
71371 7671 7672 7732 7731
71372 7672 7673 7733 7732
71373 7673 7674 7734 7733
71374 7674 7675 7735 7734
71375 7675 7676 7736 7735
71376 7676 7677 7737 7736
71377 7677 7678 7738 7737
71378 7678 7679 7739 7738
71379 7679 7680 7740 7739
71380 7680 7681 7741 7740
71381 7681 7682 7742 7741
71382 7682 7683 7743 7742
71383 7683 7684 7744 7743
71384 7684 7685 7745 7744
71385 7685 7686 7746 7745
71386 7686 7687 7747 7746
71387 7687 7688 7748 7747
71388 7688 7689 7749 7748
71389 7689 7690 7750 7749
71390 7690 7691 7751 7750
71391 7691 7692 7752 7751
71392 7692 7693 7753 7752
71393 7693 7694 7754 7753
71394 7694 7695 7755 7754
71395 7695 7696 7756 7755
71396 7696 7697 7757 7756
71397 7697 7698 7758 7757
71398 7698 7699 7759 7758
71399 7699 7700 7760 7759
71400 7700 7701 7761 7760
71401 7701 7702 7762 7761
71402 7702 7703 7763 7762
71403 7703 7704 7764 7763
71404 7704 7705 7765 7764
71405 7705 7706 7766 7765
71406 7706 7707 7767 7766
71407 7707 7708 7768 7767
71408 7708 7709 7769 7768
71409 7709 7710 7770 7769
71410 7710 7711 7771 7770
71411 7711 7712 7772 7771
71412 7712 7713 7773 7772
71413 7713 7714 7774 7773
71414 7714 7715 7775 7774
71415 7715 7716 7776 7775
71416 7716 7717 7777 7776
71417 7717 7718 7778 7777
71418 7718 7719 7779 7778
71419 7719 7720 7780 7779
71420 7720 7721 7781 7780
71421 7721 7722 7782 7781
71422 7722 5772 5771 7782
73596 2535 7723 7783 2536
73597 7723 7724 7784 7783
73598 7724 7725 7785 7784
73599 7725 7726 7786 7785
73600 7726 7727 7787 7786
73601 7727 7728 7788 7787
73602 7728 7729 7789 7788
73603 7729 7730 7790 7789
73604 7730 7731 7791 7790
73605 7731 7732 7792 7791
73606 7732 7733 7793 7792
73607 7733 7734 7794 7793
73608 7734 7735 7795 7794
73609 7735 7736 7796 7795
73610 7736 7737 7797 7796
73611 7737 7738 7798 7797
73612 7738 7739 7799 7798
73613 7739 7740 7800 7799
73614 7740 7741 7801 7800
73615 7741 7742 7802 7801
73616 7742 7743 7803 7802
73617 7743 7744 7804 7803
73618 7744 7745 7805 7804
73619 7745 7746 7806 7805
73620 7746 7747 7807 7806
73621 7747 7748 7808 7807
73622 7748 7749 7809 7808
73623 7749 7750 7810 7809
73624 7750 7751 7811 7810
73625 7751 7752 7812 7811
73626 7752 7753 7813 7812
73627 7753 7754 7814 7813
73628 7754 7755 7815 7814
73629 7755 7756 7816 7815
73630 7756 7757 7817 7816
73631 7757 7758 7818 7817
73632 7758 7759 7819 7818
73633 7759 7760 7820 7819
73634 7760 7761 7821 7820
73635 7761 7762 7822 7821
73636 7762 7763 7823 7822
73637 7763 7764 7824 7823
73638 7764 7765 7825 7824
73639 7765 7766 7826 7825
73640 7766 7767 7827 7826
73641 7767 7768 7828 7827
73642 7768 7769 7829 7828
73643 7769 7770 7830 7829
73644 7770 7771 7831 7830
73645 7771 7772 7832 7831
73646 7772 7773 7833 7832
73647 7773 7774 7834 7833
73648 7774 7775 7835 7834
73649 7775 7776 7836 7835
73650 7776 7777 7837 7836
73651 7777 7778 7838 7837
73652 7778 7779 7839 7838
73653 7779 7780 7840 7839
73654 7780 7781 7841 7840
73655 7781 7782 7842 7841
73656 7782 5771 5770 7842
75830 2536 7783 7843 2537
75831 7783 7784 7844 7843
75832 7784 7785 7845 7844
75833 7785 7786 7846 7845
75834 7786 7787 7847 7846
75835 7787 7788 7848 7847
75836 7788 7789 7849 7848
75837 7789 7790 7850 7849
75838 7790 7791 7851 7850
75839 7791 7792 7852 7851
75840 7792 7793 7853 7852
75841 7793 7794 7854 7853
75842 7794 7795 7855 7854
75843 7795 7796 7856 7855
75844 7796 7797 7857 7856
75845 7797 7798 7858 7857
75846 7798 7799 7859 7858
75847 7799 7800 7860 7859
75848 7800 7801 7861 7860
75849 7801 7802 7862 7861
75850 7802 7803 7863 7862
75851 7803 7804 7864 7863
75852 7804 7805 7865 7864
75853 7805 7806 7866 7865
75854 7806 7807 7867 7866
75855 7807 7808 7868 7867
75856 7808 7809 7869 7868
75857 7809 7810 7870 7869
75858 7810 7811 7871 7870
75859 7811 7812 7872 7871
75860 7812 7813 7873 7872
75861 7813 7814 7874 7873
75862 7814 7815 7875 7874
75863 7815 7816 7876 7875
75864 7816 7817 7877 7876
75865 7817 7818 7878 7877
75866 7818 7819 7879 7878
75867 7819 7820 7880 7879
75868 7820 7821 7881 7880
75869 7821 7822 7882 7881
75870 7822 7823 7883 7882
75871 7823 7824 7884 7883
75872 7824 7825 7885 7884
75873 7825 7826 7886 7885
75874 7826 7827 7887 7886
75875 7827 7828 7888 7887
75876 7828 7829 7889 7888
75877 7829 7830 7890 7889
75878 7830 7831 7891 7890
75879 7831 7832 7892 7891
75880 7832 7833 7893 7892
75881 7833 7834 7894 7893
75882 7834 7835 7895 7894
75883 7835 7836 7896 7895
75884 7836 7837 7897 7896
75885 7837 7838 7898 7897
75886 7838 7839 7899 7898
75887 7839 7840 7900 7899
75888 7840 7841 7901 7900
75889 7841 7842 7902 7901
75890 7842 5770 5769 7902
78064 2537 7843 7903 2538
78065 7843 7844 7904 7903
78066 7844 7845 7905 7904
78067 7845 7846 7906 7905
78068 7846 7847 7907 7906
78069 7847 7848 7908 7907
78070 7848 7849 7909 7908
78071 7849 7850 7910 7909
78072 7850 7851 7911 7910
78073 7851 7852 7912 7911
78074 7852 7853 7913 7912
78075 7853 7854 7914 7913
78076 7854 7855 7915 7914
78077 7855 7856 7916 7915
78078 7856 7857 7917 7916
78079 7857 7858 7918 7917
78080 7858 7859 7919 7918
78081 7859 7860 7920 7919
78082 7860 7861 7921 7920
78083 7861 7862 7922 7921
78084 7862 7863 7923 7922
78085 7863 7864 7924 7923
78086 7864 7865 7925 7924
78087 7865 7866 7926 7925
78088 7866 7867 7927 7926
78089 7867 7868 7928 7927
78090 7868 7869 7929 7928
78091 7869 7870 7930 7929
78092 7870 7871 7931 7930
78093 7871 7872 7932 7931
78094 7872 7873 7933 7932
78095 7873 7874 7934 7933
78096 7874 7875 7935 7934
78097 7875 7876 7936 7935
78098 7876 7877 7937 7936
78099 7877 7878 7938 7937
78100 7878 7879 7939 7938
78101 7879 7880 7940 7939
78102 7880 7881 7941 7940
78103 7881 7882 7942 7941
78104 7882 7883 7943 7942
78105 7883 7884 7944 7943
78106 7884 7885 7945 7944
78107 7885 7886 7946 7945
78108 7886 7887 7947 7946
78109 7887 7888 7948 7947
78110 7888 7889 7949 7948
78111 7889 7890 7950 7949
78112 7890 7891 7951 7950
78113 7891 7892 7952 7951
78114 7892 7893 7953 7952
78115 7893 7894 7954 7953
78116 7894 7895 7955 7954
78117 7895 7896 7956 7955
78118 7896 7897 7957 7956
78119 7897 7898 7958 7957
78120 7898 7899 7959 7958
78121 7899 7900 7960 7959
78122 7900 7901 7961 7960
78123 7901 7902 7962 7961
78124 7902 5769 5768 7962
80298 2538 7903 7963 2539
80299 7903 7904 7964 7963
80300 7904 7905 7965 7964
80301 7905 7906 7966 7965
80302 7906 7907 7967 7966
80303 7907 7908 7968 7967
80304 7908 7909 7969 7968
80305 7909 7910 7970 7969
80306 7910 7911 7971 7970
80307 7911 7912 7972 7971
80308 7912 7913 7973 7972
80309 7913 7914 7974 7973
80310 7914 7915 7975 7974
80311 7915 7916 7976 7975
80312 7916 7917 7977 7976
80313 7917 7918 7978 7977
80314 7918 7919 7979 7978
80315 7919 7920 7980 7979
80316 7920 7921 7981 7980
80317 7921 7922 7982 7981
80318 7922 7923 7983 7982
80319 7923 7924 7984 7983
80320 7924 7925 7985 7984
80321 7925 7926 7986 7985
80322 7926 7927 7987 7986
80323 7927 7928 7988 7987
80324 7928 7929 7989 7988
80325 7929 7930 7990 7989
80326 7930 7931 7991 7990
80327 7931 7932 7992 7991
80328 7932 7933 7993 7992
80329 7933 7934 7994 7993
80330 7934 7935 7995 7994
80331 7935 7936 7996 7995
80332 7936 7937 7997 7996
80333 7937 7938 7998 7997
80334 7938 7939 7999 7998
80335 7939 7940 8000 7999
80336 7940 7941 8001 8000
80337 7941 7942 8002 8001
80338 7942 7943 8003 8002
80339 7943 7944 8004 8003
80340 7944 7945 8005 8004
80341 7945 7946 8006 8005
80342 7946 7947 8007 8006
80343 7947 7948 8008 8007
80344 7948 7949 8009 8008
80345 7949 7950 8010 8009
80346 7950 7951 8011 8010
80347 7951 7952 8012 8011
80348 7952 7953 8013 8012
80349 7953 7954 8014 8013
80350 7954 7955 8015 8014
80351 7955 7956 8016 8015
80352 7956 7957 8017 8016
80353 7957 7958 8018 8017
80354 7958 7959 8019 8018
80355 7959 7960 8020 8019
80356 7960 7961 8021 8020
80357 7961 7962 8022 8021
80358 7962 5768 5767 8022
82532 2539 7963 8023 2540
82533 7963 7964 8024 8023
82534 7964 7965 8025 8024
82535 7965 7966 8026 8025
82536 7966 7967 8027 8026
82537 7967 7968 8028 8027
82538 7968 7969 8029 8028
82539 7969 7970 8030 8029
82540 7970 7971 8031 8030
82541 7971 7972 8032 8031
82542 7972 7973 8033 8032
82543 7973 7974 8034 8033
82544 7974 7975 8035 8034
82545 7975 7976 8036 8035
82546 7976 7977 8037 8036
82547 7977 7978 8038 8037
82548 7978 7979 8039 8038
82549 7979 7980 8040 8039
82550 7980 7981 8041 8040
82551 7981 7982 8042 8041
82552 7982 7983 8043 8042
82553 7983 7984 8044 8043
82554 7984 7985 8045 8044
82555 7985 7986 8046 8045
82556 7986 7987 8047 8046
82557 7987 7988 8048 8047
82558 7988 7989 8049 8048
82559 7989 7990 8050 8049
82560 7990 7991 8051 8050
82561 7991 7992 8052 8051
82562 7992 7993 8053 8052
82563 7993 7994 8054 8053
82564 7994 7995 8055 8054
82565 7995 7996 8056 8055
82566 7996 7997 8057 8056
82567 7997 7998 8058 8057
82568 7998 7999 8059 8058
82569 7999 8000 8060 8059
82570 8000 8001 8061 8060
82571 8001 8002 8062 8061
82572 8002 8003 8063 8062
82573 8003 8004 8064 8063
82574 8004 8005 8065 8064
82575 8005 8006 8066 8065
82576 8006 8007 8067 8066
82577 8007 8008 8068 8067
82578 8008 8009 8069 8068
82579 8009 8010 8070 8069
82580 8010 8011 8071 8070
82581 8011 8012 8072 8071
82582 8012 8013 8073 8072
82583 8013 8014 8074 8073
82584 8014 8015 8075 8074
82585 8015 8016 8076 8075
82586 8016 8017 8077 8076
82587 8017 8018 8078 8077
82588 8018 8019 8079 8078
82589 8019 8020 8080 8079
82590 8020 8021 8081 8080
82591 8021 8022 8082 8081
82592 8022 5767 5766 8082
84766 2540 8023 8083 2541
84767 8023 8024 8084 8083
84768 8024 8025 8085 8084
84769 8025 8026 8086 8085
84770 8026 8027 8087 8086
84771 8027 8028 8088 8087
84772 8028 8029 8089 8088
84773 8029 8030 8090 8089
84774 8030 8031 8091 8090
84775 8031 8032 8092 8091
84776 8032 8033 8093 8092
84777 8033 8034 8094 8093
84778 8034 8035 8095 8094
84779 8035 8036 8096 8095
84780 8036 8037 8097 8096
84781 8037 8038 8098 8097
84782 8038 8039 8099 8098
84783 8039 8040 8100 8099
84784 8040 8041 8101 8100
84785 8041 8042 8102 8101
84786 8042 8043 8103 8102
84787 8043 8044 8104 8103
84788 8044 8045 8105 8104
84789 8045 8046 8106 8105
84790 8046 8047 8107 8106
84791 8047 8048 8108 8107
84792 8048 8049 8109 8108
84793 8049 8050 8110 8109
84794 8050 8051 8111 8110
84795 8051 8052 8112 8111
84796 8052 8053 8113 8112
84797 8053 8054 8114 8113
84798 8054 8055 8115 8114
84799 8055 8056 8116 8115
84800 8056 8057 8117 8116
84801 8057 8058 8118 8117
84802 8058 8059 8119 8118
84803 8059 8060 8120 8119
84804 8060 8061 8121 8120
84805 8061 8062 8122 8121
84806 8062 8063 8123 8122
84807 8063 8064 8124 8123
84808 8064 8065 8125 8124
84809 8065 8066 8126 8125
84810 8066 8067 8127 8126
84811 8067 8068 8128 8127
84812 8068 8069 8129 8128
84813 8069 8070 8130 8129
84814 8070 8071 8131 8130
84815 8071 8072 8132 8131
84816 8072 8073 8133 8132
84817 8073 8074 8134 8133
84818 8074 8075 8135 8134
84819 8075 8076 8136 8135
84820 8076 8077 8137 8136
84821 8077 8078 8138 8137
84822 8078 8079 8139 8138
84823 8079 8080 8140 8139
84824 8080 8081 8141 8140
84825 8081 8082 8142 8141
84826 8082 5766 5765 8142
87000 2541 8083 8143 2542
87001 8083 8084 8144 8143
87002 8084 8085 8145 8144
87003 8085 8086 8146 8145
87004 8086 8087 8147 8146
87005 8087 8088 8148 8147
87006 8088 8089 8149 8148
87007 8089 8090 8150 8149
87008 8090 8091 8151 8150
87009 8091 8092 8152 8151
87010 8092 8093 8153 8152
87011 8093 8094 8154 8153
87012 8094 8095 8155 8154
87013 8095 8096 8156 8155
87014 8096 8097 8157 8156
87015 8097 8098 8158 8157
87016 8098 8099 8159 8158
87017 8099 8100 8160 8159
87018 8100 8101 8161 8160
87019 8101 8102 8162 8161
87020 8102 8103 8163 8162
87021 8103 8104 8164 8163
87022 8104 8105 8165 8164
87023 8105 8106 8166 8165
87024 8106 8107 8167 8166
87025 8107 8108 8168 8167
87026 8108 8109 8169 8168
87027 8109 8110 8170 8169
87028 8110 8111 8171 8170
87029 8111 8112 8172 8171
87030 8112 8113 8173 8172
87031 8113 8114 8174 8173
87032 8114 8115 8175 8174
87033 8115 8116 8176 8175
87034 8116 8117 8177 8176
87035 8117 8118 8178 8177
87036 8118 8119 8179 8178
87037 8119 8120 8180 8179
87038 8120 8121 8181 8180
87039 8121 8122 8182 8181
87040 8122 8123 8183 8182
87041 8123 8124 8184 8183
87042 8124 8125 8185 8184
87043 8125 8126 8186 8185
87044 8126 8127 8187 8186
87045 8127 8128 8188 8187
87046 8128 8129 8189 8188
87047 8129 8130 8190 8189
87048 8130 8131 8191 8190
87049 8131 8132 8192 8191
87050 8132 8133 8193 8192
87051 8133 8134 8194 8193
87052 8134 8135 8195 8194
87053 8135 8136 8196 8195
87054 8136 8137 8197 8196
87055 8137 8138 8198 8197
87056 8138 8139 8199 8198
87057 8139 8140 8200 8199
87058 8140 8141 8201 8200
87059 8141 8142 8202 8201
87060 8142 5765 5764 8202
89234 2542 8143 8203 2543
89235 8143 8144 8204 8203
89236 8144 8145 8205 8204
89237 8145 8146 8206 8205
89238 8146 8147 8207 8206
89239 8147 8148 8208 8207
89240 8148 8149 8209 8208
89241 8149 8150 8210 8209
89242 8150 8151 8211 8210
89243 8151 8152 8212 8211
89244 8152 8153 8213 8212
89245 8153 8154 8214 8213
89246 8154 8155 8215 8214
89247 8155 8156 8216 8215
89248 8156 8157 8217 8216
89249 8157 8158 8218 8217
89250 8158 8159 8219 8218
89251 8159 8160 8220 8219
89252 8160 8161 8221 8220
89253 8161 8162 8222 8221
89254 8162 8163 8223 8222
89255 8163 8164 8224 8223
89256 8164 8165 8225 8224
89257 8165 8166 8226 8225
89258 8166 8167 8227 8226
89259 8167 8168 8228 8227
89260 8168 8169 8229 8228
89261 8169 8170 8230 8229
89262 8170 8171 8231 8230
89263 8171 8172 8232 8231
89264 8172 8173 8233 8232
89265 8173 8174 8234 8233
89266 8174 8175 8235 8234
89267 8175 8176 8236 8235
89268 8176 8177 8237 8236
89269 8177 8178 8238 8237
89270 8178 8179 8239 8238
89271 8179 8180 8240 8239
89272 8180 8181 8241 8240
89273 8181 8182 8242 8241
89274 8182 8183 8243 8242
89275 8183 8184 8244 8243
89276 8184 8185 8245 8244
89277 8185 8186 8246 8245
89278 8186 8187 8247 8246
89279 8187 8188 8248 8247
89280 8188 8189 8249 8248
89281 8189 8190 8250 8249
89282 8190 8191 8251 8250
89283 8191 8192 8252 8251
89284 8192 8193 8253 8252
89285 8193 8194 8254 8253
89286 8194 8195 8255 8254
89287 8195 8196 8256 8255
89288 8196 8197 8257 8256
89289 8197 8198 8258 8257
89290 8198 8199 8259 8258
89291 8199 8200 8260 8259
89292 8200 8201 8261 8260
89293 8201 8202 8262 8261
89294 8202 5764 5763 8262
91468 2543 8203 8263 2544
91469 8203 8204 8264 8263
91470 8204 8205 8265 8264
91471 8205 8206 8266 8265
91472 8206 8207 8267 8266
91473 8207 8208 8268 8267
91474 8208 8209 8269 8268
91475 8209 8210 8270 8269
91476 8210 8211 8271 8270
91477 8211 8212 8272 8271
91478 8212 8213 8273 8272
91479 8213 8214 8274 8273
91480 8214 8215 8275 8274
91481 8215 8216 8276 8275
91482 8216 8217 8277 8276
91483 8217 8218 8278 8277
91484 8218 8219 8279 8278
91485 8219 8220 8280 8279
91486 8220 8221 8281 8280
91487 8221 8222 8282 8281
91488 8222 8223 8283 8282
91489 8223 8224 8284 8283
91490 8224 8225 8285 8284
91491 8225 8226 8286 8285
91492 8226 8227 8287 8286
91493 8227 8228 8288 8287
91494 8228 8229 8289 8288
91495 8229 8230 8290 8289
91496 8230 8231 8291 8290
91497 8231 8232 8292 8291
91498 8232 8233 8293 8292
91499 8233 8234 8294 8293
91500 8234 8235 8295 8294
91501 8235 8236 8296 8295
91502 8236 8237 8297 8296
91503 8237 8238 8298 8297
91504 8238 8239 8299 8298
91505 8239 8240 8300 8299
91506 8240 8241 8301 8300
91507 8241 8242 8302 8301
91508 8242 8243 8303 8302
91509 8243 8244 8304 8303
91510 8244 8245 8305 8304
91511 8245 8246 8306 8305
91512 8246 8247 8307 8306
91513 8247 8248 8308 8307
91514 8248 8249 8309 8308
91515 8249 8250 8310 8309
91516 8250 8251 8311 8310
91517 8251 8252 8312 8311
91518 8252 8253 8313 8312
91519 8253 8254 8314 8313
91520 8254 8255 8315 8314
91521 8255 8256 8316 8315
91522 8256 8257 8317 8316
91523 8257 8258 8318 8317
91524 8258 8259 8319 8318
91525 8259 8260 8320 8319
91526 8260 8261 8321 8320
91527 8261 8262 8322 8321
91528 8262 5763 5762 8322
93702 2544 8263 8323 2545
93703 8263 8264 8324 8323
93704 8264 8265 8325 8324
93705 8265 8266 8326 8325
93706 8266 8267 8327 8326
93707 8267 8268 8328 8327
93708 8268 8269 8329 8328
93709 8269 8270 8330 8329
93710 8270 8271 8331 8330
93711 8271 8272 8332 8331
93712 8272 8273 8333 8332
93713 8273 8274 8334 8333
93714 8274 8275 8335 8334
93715 8275 8276 8336 8335
93716 8276 8277 8337 8336
93717 8277 8278 8338 8337
93718 8278 8279 8339 8338
93719 8279 8280 8340 8339
93720 8280 8281 8341 8340
93721 8281 8282 8342 8341
93722 8282 8283 8343 8342
93723 8283 8284 8344 8343
93724 8284 8285 8345 8344
93725 8285 8286 8346 8345
93726 8286 8287 8347 8346
93727 8287 8288 8348 8347
93728 8288 8289 8349 8348
93729 8289 8290 8350 8349
93730 8290 8291 8351 8350
93731 8291 8292 8352 8351
93732 8292 8293 8353 8352
93733 8293 8294 8354 8353
93734 8294 8295 8355 8354
93735 8295 8296 8356 8355
93736 8296 8297 8357 8356
93737 8297 8298 8358 8357
93738 8298 8299 8359 8358
93739 8299 8300 8360 8359
93740 8300 8301 8361 8360
93741 8301 8302 8362 8361
93742 8302 8303 8363 8362
93743 8303 8304 8364 8363
93744 8304 8305 8365 8364
93745 8305 8306 8366 8365
93746 8306 8307 8367 8366
93747 8307 8308 8368 8367
93748 8308 8309 8369 8368
93749 8309 8310 8370 8369
93750 8310 8311 8371 8370
93751 8311 8312 8372 8371
93752 8312 8313 8373 8372
93753 8313 8314 8374 8373
93754 8314 8315 8375 8374
93755 8315 8316 8376 8375
93756 8316 8317 8377 8376
93757 8317 8318 8378 8377
93758 8318 8319 8379 8378
93759 8319 8320 8380 8379
93760 8320 8321 8381 8380
93761 8321 8322 8382 8381
93762 8322 5762 5761 8382
95936 2545 8323 8383 2546
95937 8323 8324 8384 8383
95938 8324 8325 8385 8384
95939 8325 8326 8386 8385
95940 8326 8327 8387 8386
95941 8327 8328 8388 8387
95942 8328 8329 8389 8388
95943 8329 8330 8390 8389
95944 8330 8331 8391 8390
95945 8331 8332 8392 8391
95946 8332 8333 8393 8392
95947 8333 8334 8394 8393
95948 8334 8335 8395 8394
95949 8335 8336 8396 8395
95950 8336 8337 8397 8396
95951 8337 8338 8398 8397
95952 8338 8339 8399 8398
95953 8339 8340 8400 8399
95954 8340 8341 8401 8400
95955 8341 8342 8402 8401
95956 8342 8343 8403 8402
95957 8343 8344 8404 8403
95958 8344 8345 8405 8404
95959 8345 8346 8406 8405
95960 8346 8347 8407 8406
95961 8347 8348 8408 8407
95962 8348 8349 8409 8408
95963 8349 8350 8410 8409
95964 8350 8351 8411 8410
95965 8351 8352 8412 8411
95966 8352 8353 8413 8412
95967 8353 8354 8414 8413
95968 8354 8355 8415 8414
95969 8355 8356 8416 8415
95970 8356 8357 8417 8416
95971 8357 8358 8418 8417
95972 8358 8359 8419 8418
95973 8359 8360 8420 8419
95974 8360 8361 8421 8420
95975 8361 8362 8422 8421
95976 8362 8363 8423 8422
95977 8363 8364 8424 8423
95978 8364 8365 8425 8424
95979 8365 8366 8426 8425
95980 8366 8367 8427 8426
95981 8367 8368 8428 8427
95982 8368 8369 8429 8428
95983 8369 8370 8430 8429
95984 8370 8371 8431 8430
95985 8371 8372 8432 8431
95986 8372 8373 8433 8432
95987 8373 8374 8434 8433
95988 8374 8375 8435 8434
95989 8375 8376 8436 8435
95990 8376 8377 8437 8436
95991 8377 8378 8438 8437
95992 8378 8379 8439 8438
95993 8379 8380 8440 8439
95994 8380 8381 8441 8440
95995 8381 8382 8442 8441
95996 8382 5761 5760 8442
98170 2546 8383 8443 2547
98171 8383 8384 8444 8443
98172 8384 8385 8445 8444
98173 8385 8386 8446 8445
98174 8386 8387 8447 8446
98175 8387 8388 8448 8447
98176 8388 8389 8449 8448
98177 8389 8390 8450 8449
98178 8390 8391 8451 8450
98179 8391 8392 8452 8451
98180 8392 8393 8453 8452
98181 8393 8394 8454 8453
98182 8394 8395 8455 8454
98183 8395 8396 8456 8455
98184 8396 8397 8457 8456
98185 8397 8398 8458 8457
98186 8398 8399 8459 8458
98187 8399 8400 8460 8459
98188 8400 8401 8461 8460
98189 8401 8402 8462 8461
98190 8402 8403 8463 8462
98191 8403 8404 8464 8463
98192 8404 8405 8465 8464
98193 8405 8406 8466 8465
98194 8406 8407 8467 8466
98195 8407 8408 8468 8467
98196 8408 8409 8469 8468
98197 8409 8410 8470 8469
98198 8410 8411 8471 8470
98199 8411 8412 8472 8471
98200 8412 8413 8473 8472
98201 8413 8414 8474 8473
98202 8414 8415 8475 8474
98203 8415 8416 8476 8475
98204 8416 8417 8477 8476
98205 8417 8418 8478 8477
98206 8418 8419 8479 8478
98207 8419 8420 8480 8479
98208 8420 8421 8481 8480
98209 8421 8422 8482 8481
98210 8422 8423 8483 8482
98211 8423 8424 8484 8483
98212 8424 8425 8485 8484
98213 8425 8426 8486 8485
98214 8426 8427 8487 8486
98215 8427 8428 8488 8487
98216 8428 8429 8489 8488
98217 8429 8430 8490 8489
98218 8430 8431 8491 8490
98219 8431 8432 8492 8491
98220 8432 8433 8493 8492
98221 8433 8434 8494 8493
98222 8434 8435 8495 8494
98223 8435 8436 8496 8495
98224 8436 8437 8497 8496
98225 8437 8438 8498 8497
98226 8438 8439 8499 8498
98227 8439 8440 8500 8499
98228 8440 8441 8501 8500
98229 8441 8442 8502 8501
98230 8442 5760 5759 8502
100404 2547 8443 8503 2548
100405 8443 8444 8504 8503
100406 8444 8445 8505 8504
100407 8445 8446 8506 8505
100408 8446 8447 8507 8506
100409 8447 8448 8508 8507
100410 8448 8449 8509 8508
100411 8449 8450 8510 8509
100412 8450 8451 8511 8510
100413 8451 8452 8512 8511
100414 8452 8453 8513 8512
100415 8453 8454 8514 8513
100416 8454 8455 8515 8514
100417 8455 8456 8516 8515
100418 8456 8457 8517 8516
100419 8457 8458 8518 8517
100420 8458 8459 8519 8518
100421 8459 8460 8520 8519
100422 8460 8461 8521 8520
100423 8461 8462 8522 8521
100424 8462 8463 8523 8522
100425 8463 8464 8524 8523
100426 8464 8465 8525 8524
100427 8465 8466 8526 8525
100428 8466 8467 8527 8526
100429 8467 8468 8528 8527
100430 8468 8469 8529 8528
100431 8469 8470 8530 8529
100432 8470 8471 8531 8530
100433 8471 8472 8532 8531
100434 8472 8473 8533 8532
100435 8473 8474 8534 8533
100436 8474 8475 8535 8534
100437 8475 8476 8536 8535
100438 8476 8477 8537 8536
100439 8477 8478 8538 8537
100440 8478 8479 8539 8538
100441 8479 8480 8540 8539
100442 8480 8481 8541 8540
100443 8481 8482 8542 8541
100444 8482 8483 8543 8542
100445 8483 8484 8544 8543
100446 8484 8485 8545 8544
100447 8485 8486 8546 8545
100448 8486 8487 8547 8546
100449 8487 8488 8548 8547
100450 8488 8489 8549 8548
100451 8489 8490 8550 8549
100452 8490 8491 8551 8550
100453 8491 8492 8552 8551
100454 8492 8493 8553 8552
100455 8493 8494 8554 8553
100456 8494 8495 8555 8554
100457 8495 8496 8556 8555
100458 8496 8497 8557 8556
100459 8497 8498 8558 8557
100460 8498 8499 8559 8558
100461 8499 8500 8560 8559
100462 8500 8501 8561 8560
100463 8501 8502 8562 8561
100464 8502 5759 5758 8562
102638 2548 8503 8563 2549
102639 8503 8504 8564 8563
102640 8504 8505 8565 8564
102641 8505 8506 8566 8565
102642 8506 8507 8567 8566
102643 8507 8508 8568 8567
102644 8508 8509 8569 8568
102645 8509 8510 8570 8569
102646 8510 8511 8571 8570
102647 8511 8512 8572 8571
102648 8512 8513 8573 8572
102649 8513 8514 8574 8573
102650 8514 8515 8575 8574
102651 8515 8516 8576 8575
102652 8516 8517 8577 8576
102653 8517 8518 8578 8577
102654 8518 8519 8579 8578
102655 8519 8520 8580 8579
102656 8520 8521 8581 8580
102657 8521 8522 8582 8581
102658 8522 8523 8583 8582
102659 8523 8524 8584 8583
102660 8524 8525 8585 8584
102661 8525 8526 8586 8585
102662 8526 8527 8587 8586
102663 8527 8528 8588 8587
102664 8528 8529 8589 8588
102665 8529 8530 8590 8589
102666 8530 8531 8591 8590
102667 8531 8532 8592 8591
102668 8532 8533 8593 8592
102669 8533 8534 8594 8593
102670 8534 8535 8595 8594
102671 8535 8536 8596 8595
102672 8536 8537 8597 8596
102673 8537 8538 8598 8597
102674 8538 8539 8599 8598
102675 8539 8540 8600 8599
102676 8540 8541 8601 8600
102677 8541 8542 8602 8601
102678 8542 8543 8603 8602
102679 8543 8544 8604 8603
102680 8544 8545 8605 8604
102681 8545 8546 8606 8605
102682 8546 8547 8607 8606
102683 8547 8548 8608 8607
102684 8548 8549 8609 8608
102685 8549 8550 8610 8609
102686 8550 8551 8611 8610
102687 8551 8552 8612 8611
102688 8552 8553 8613 8612
102689 8553 8554 8614 8613
102690 8554 8555 8615 8614
102691 8555 8556 8616 8615
102692 8556 8557 8617 8616
102693 8557 8558 8618 8617
102694 8558 8559 8619 8618
102695 8559 8560 8620 8619
102696 8560 8561 8621 8620
102697 8561 8562 8622 8621
102698 8562 5758 5757 8622
104872 2549 8563 8623 2550
104873 8563 8564 8624 8623
104874 8564 8565 8625 8624
104875 8565 8566 8626 8625
104876 8566 8567 8627 8626
104877 8567 8568 8628 8627
104878 8568 8569 8629 8628
104879 8569 8570 8630 8629
104880 8570 8571 8631 8630
104881 8571 8572 8632 8631
104882 8572 8573 8633 8632
104883 8573 8574 8634 8633
104884 8574 8575 8635 8634
104885 8575 8576 8636 8635
104886 8576 8577 8637 8636
104887 8577 8578 8638 8637
104888 8578 8579 8639 8638
104889 8579 8580 8640 8639
104890 8580 8581 8641 8640
104891 8581 8582 8642 8641
104892 8582 8583 8643 8642
104893 8583 8584 8644 8643
104894 8584 8585 8645 8644
104895 8585 8586 8646 8645
104896 8586 8587 8647 8646
104897 8587 8588 8648 8647
104898 8588 8589 8649 8648
104899 8589 8590 8650 8649
104900 8590 8591 8651 8650
104901 8591 8592 8652 8651
104902 8592 8593 8653 8652
104903 8593 8594 8654 8653
104904 8594 8595 8655 8654
104905 8595 8596 8656 8655
104906 8596 8597 8657 8656
104907 8597 8598 8658 8657
104908 8598 8599 8659 8658
104909 8599 8600 8660 8659
104910 8600 8601 8661 8660
104911 8601 8602 8662 8661
104912 8602 8603 8663 8662
104913 8603 8604 8664 8663
104914 8604 8605 8665 8664
104915 8605 8606 8666 8665
104916 8606 8607 8667 8666
104917 8607 8608 8668 8667
104918 8608 8609 8669 8668
104919 8609 8610 8670 8669
104920 8610 8611 8671 8670
104921 8611 8612 8672 8671
104922 8612 8613 8673 8672
104923 8613 8614 8674 8673
104924 8614 8615 8675 8674
104925 8615 8616 8676 8675
104926 8616 8617 8677 8676
104927 8617 8618 8678 8677
104928 8618 8619 8679 8678
104929 8619 8620 8680 8679
104930 8620 8621 8681 8680
104931 8621 8622 8682 8681
104932 8622 5757 5756 8682
107106 2550 8623 8683 2551
107107 8623 8624 8684 8683
107108 8624 8625 8685 8684
107109 8625 8626 8686 8685
107110 8626 8627 8687 8686
107111 8627 8628 8688 8687
107112 8628 8629 8689 8688
107113 8629 8630 8690 8689
107114 8630 8631 8691 8690
107115 8631 8632 8692 8691
107116 8632 8633 8693 8692
107117 8633 8634 8694 8693
107118 8634 8635 8695 8694
107119 8635 8636 8696 8695
107120 8636 8637 8697 8696
107121 8637 8638 8698 8697
107122 8638 8639 8699 8698
107123 8639 8640 8700 8699
107124 8640 8641 8701 8700
107125 8641 8642 8702 8701
107126 8642 8643 8703 8702
107127 8643 8644 8704 8703
107128 8644 8645 8705 8704
107129 8645 8646 8706 8705
107130 8646 8647 8707 8706
107131 8647 8648 8708 8707
107132 8648 8649 8709 8708
107133 8649 8650 8710 8709
107134 8650 8651 8711 8710
107135 8651 8652 8712 8711
107136 8652 8653 8713 8712
107137 8653 8654 8714 8713
107138 8654 8655 8715 8714
107139 8655 8656 8716 8715
107140 8656 8657 8717 8716
107141 8657 8658 8718 8717
107142 8658 8659 8719 8718
107143 8659 8660 8720 8719
107144 8660 8661 8721 8720
107145 8661 8662 8722 8721
107146 8662 8663 8723 8722
107147 8663 8664 8724 8723
107148 8664 8665 8725 8724
107149 8665 8666 8726 8725
107150 8666 8667 8727 8726
107151 8667 8668 8728 8727
107152 8668 8669 8729 8728
107153 8669 8670 8730 8729
107154 8670 8671 8731 8730
107155 8671 8672 8732 8731
107156 8672 8673 8733 8732
107157 8673 8674 8734 8733
107158 8674 8675 8735 8734
107159 8675 8676 8736 8735
107160 8676 8677 8737 8736
107161 8677 8678 8738 8737
107162 8678 8679 8739 8738
107163 8679 8680 8740 8739
107164 8680 8681 8741 8740
107165 8681 8682 8742 8741
107166 8682 5756 5755 8742
109340 2551 8683 8743 2552
109341 8683 8684 8744 8743
109342 8684 8685 8745 8744
109343 8685 8686 8746 8745
109344 8686 8687 8747 8746
109345 8687 8688 8748 8747
109346 8688 8689 8749 8748
109347 8689 8690 8750 8749
109348 8690 8691 8751 8750
109349 8691 8692 8752 8751
109350 8692 8693 8753 8752
109351 8693 8694 8754 8753
109352 8694 8695 8755 8754
109353 8695 8696 8756 8755
109354 8696 8697 8757 8756
109355 8697 8698 8758 8757
109356 8698 8699 8759 8758
109357 8699 8700 8760 8759
109358 8700 8701 8761 8760
109359 8701 8702 8762 8761
109360 8702 8703 8763 8762
109361 8703 8704 8764 8763
109362 8704 8705 8765 8764
109363 8705 8706 8766 8765
109364 8706 8707 8767 8766
109365 8707 8708 8768 8767
109366 8708 8709 8769 8768
109367 8709 8710 8770 8769
109368 8710 8711 8771 8770
109369 8711 8712 8772 8771
109370 8712 8713 8773 8772
109371 8713 8714 8774 8773
109372 8714 8715 8775 8774
109373 8715 8716 8776 8775
109374 8716 8717 8777 8776
109375 8717 8718 8778 8777
109376 8718 8719 8779 8778
109377 8719 8720 8780 8779
109378 8720 8721 8781 8780
109379 8721 8722 8782 8781
109380 8722 8723 8783 8782
109381 8723 8724 8784 8783
109382 8724 8725 8785 8784
109383 8725 8726 8786 8785
109384 8726 8727 8787 8786
109385 8727 8728 8788 8787
109386 8728 8729 8789 8788
109387 8729 8730 8790 8789
109388 8730 8731 8791 8790
109389 8731 8732 8792 8791
109390 8732 8733 8793 8792
109391 8733 8734 8794 8793
109392 8734 8735 8795 8794
109393 8735 8736 8796 8795
109394 8736 8737 8797 8796
109395 8737 8738 8798 8797
109396 8738 8739 8799 8798
109397 8739 8740 8800 8799
109398 8740 8741 8801 8800
109399 8741 8742 8802 8801
109400 8742 5755 5754 8802
111574 2552 8743 8803 2553
111575 8743 8744 8804 8803
111576 8744 8745 8805 8804
111577 8745 8746 8806 8805
111578 8746 8747 8807 8806
111579 8747 8748 8808 8807
111580 8748 8749 8809 8808
111581 8749 8750 8810 8809
111582 8750 8751 8811 8810
111583 8751 8752 8812 8811
111584 8752 8753 8813 8812
111585 8753 8754 8814 8813
111586 8754 8755 8815 8814
111587 8755 8756 8816 8815
111588 8756 8757 8817 8816
111589 8757 8758 8818 8817
111590 8758 8759 8819 8818
111591 8759 8760 8820 8819
111592 8760 8761 8821 8820
111593 8761 8762 8822 8821
111594 8762 8763 8823 8822
111595 8763 8764 8824 8823
111596 8764 8765 8825 8824
111597 8765 8766 8826 8825
111598 8766 8767 8827 8826
111599 8767 8768 8828 8827
111600 8768 8769 8829 8828
111601 8769 8770 8830 8829
111602 8770 8771 8831 8830
111603 8771 8772 8832 8831
111604 8772 8773 8833 8832
111605 8773 8774 8834 8833
111606 8774 8775 8835 8834
111607 8775 8776 8836 8835
111608 8776 8777 8837 8836
111609 8777 8778 8838 8837
111610 8778 8779 8839 8838
111611 8779 8780 8840 8839
111612 8780 8781 8841 8840
111613 8781 8782 8842 8841
111614 8782 8783 8843 8842
111615 8783 8784 8844 8843
111616 8784 8785 8845 8844
111617 8785 8786 8846 8845
111618 8786 8787 8847 8846
111619 8787 8788 8848 8847
111620 8788 8789 8849 8848
111621 8789 8790 8850 8849
111622 8790 8791 8851 8850
111623 8791 8792 8852 8851
111624 8792 8793 8853 8852
111625 8793 8794 8854 8853
111626 8794 8795 8855 8854
111627 8795 8796 8856 8855
111628 8796 8797 8857 8856
111629 8797 8798 8858 8857
111630 8798 8799 8859 8858
111631 8799 8800 8860 8859
111632 8800 8801 8861 8860
111633 8801 8802 8862 8861
111634 8802 5754 5753 8862
113808 2553 8803 8863 2554
113809 8803 8804 8864 8863
113810 8804 8805 8865 8864
113811 8805 8806 8866 8865
113812 8806 8807 8867 8866
113813 8807 8808 8868 8867
113814 8808 8809 8869 8868
113815 8809 8810 8870 8869
113816 8810 8811 8871 8870
113817 8811 8812 8872 8871
113818 8812 8813 8873 8872
113819 8813 8814 8874 8873
113820 8814 8815 8875 8874
113821 8815 8816 8876 8875
113822 8816 8817 8877 8876
113823 8817 8818 8878 8877
113824 8818 8819 8879 8878
113825 8819 8820 8880 8879
113826 8820 8821 8881 8880
113827 8821 8822 8882 8881
113828 8822 8823 8883 8882
113829 8823 8824 8884 8883
113830 8824 8825 8885 8884
113831 8825 8826 8886 8885
113832 8826 8827 8887 8886
113833 8827 8828 8888 8887
113834 8828 8829 8889 8888
113835 8829 8830 8890 8889
113836 8830 8831 8891 8890
113837 8831 8832 8892 8891
113838 8832 8833 8893 8892
113839 8833 8834 8894 8893
113840 8834 8835 8895 8894
113841 8835 8836 8896 8895
113842 8836 8837 8897 8896
113843 8837 8838 8898 8897
113844 8838 8839 8899 8898
113845 8839 8840 8900 8899
113846 8840 8841 8901 8900
113847 8841 8842 8902 8901
113848 8842 8843 8903 8902
113849 8843 8844 8904 8903
113850 8844 8845 8905 8904
113851 8845 8846 8906 8905
113852 8846 8847 8907 8906
113853 8847 8848 8908 8907
113854 8848 8849 8909 8908
113855 8849 8850 8910 8909
113856 8850 8851 8911 8910
113857 8851 8852 8912 8911
113858 8852 8853 8913 8912
113859 8853 8854 8914 8913
113860 8854 8855 8915 8914
113861 8855 8856 8916 8915
113862 8856 8857 8917 8916
113863 8857 8858 8918 8917
113864 8858 8859 8919 8918
113865 8859 8860 8920 8919
113866 8860 8861 8921 8920
113867 8861 8862 8922 8921
113868 8862 5753 5752 8922
116042 2554 8863 8923 2555
116043 8863 8864 8924 8923
116044 8864 8865 8925 8924
116045 8865 8866 8926 8925
116046 8866 8867 8927 8926
116047 8867 8868 8928 8927
116048 8868 8869 8929 8928
116049 8869 8870 8930 8929
116050 8870 8871 8931 8930
116051 8871 8872 8932 8931
116052 8872 8873 8933 8932
116053 8873 8874 8934 8933
116054 8874 8875 8935 8934
116055 8875 8876 8936 8935
116056 8876 8877 8937 8936
116057 8877 8878 8938 8937
116058 8878 8879 8939 8938
116059 8879 8880 8940 8939
116060 8880 8881 8941 8940
116061 8881 8882 8942 8941
116062 8882 8883 8943 8942
116063 8883 8884 8944 8943
116064 8884 8885 8945 8944
116065 8885 8886 8946 8945
116066 8886 8887 8947 8946
116067 8887 8888 8948 8947
116068 8888 8889 8949 8948
116069 8889 8890 8950 8949
116070 8890 8891 8951 8950
116071 8891 8892 8952 8951
116072 8892 8893 8953 8952
116073 8893 8894 8954 8953
116074 8894 8895 8955 8954
116075 8895 8896 8956 8955
116076 8896 8897 8957 8956
116077 8897 8898 8958 8957
116078 8898 8899 8959 8958
116079 8899 8900 8960 8959
116080 8900 8901 8961 8960
116081 8901 8902 8962 8961
116082 8902 8903 8963 8962
116083 8903 8904 8964 8963
116084 8904 8905 8965 8964
116085 8905 8906 8966 8965
116086 8906 8907 8967 8966
116087 8907 8908 8968 8967
116088 8908 8909 8969 8968
116089 8909 8910 8970 8969
116090 8910 8911 8971 8970
116091 8911 8912 8972 8971
116092 8912 8913 8973 8972
116093 8913 8914 8974 8973
116094 8914 8915 8975 8974
116095 8915 8916 8976 8975
116096 8916 8917 8977 8976
116097 8917 8918 8978 8977
116098 8918 8919 8979 8978
116099 8919 8920 8980 8979
116100 8920 8921 8981 8980
116101 8921 8922 8982 8981
116102 8922 5752 5751 8982
118276 2555 8923 8983 2556
118277 8923 8924 8984 8983
118278 8924 8925 8985 8984
118279 8925 8926 8986 8985
118280 8926 8927 8987 8986
118281 8927 8928 8988 8987
118282 8928 8929 8989 8988
118283 8929 8930 8990 8989
118284 8930 8931 8991 8990
118285 8931 8932 8992 8991
118286 8932 8933 8993 8992
118287 8933 8934 8994 8993
118288 8934 8935 8995 8994
118289 8935 8936 8996 8995
118290 8936 8937 8997 8996
118291 8937 8938 8998 8997
118292 8938 8939 8999 8998
118293 8939 8940 9000 8999
118294 8940 8941 9001 9000
118295 8941 8942 9002 9001
118296 8942 8943 9003 9002
118297 8943 8944 9004 9003
118298 8944 8945 9005 9004
118299 8945 8946 9006 9005
118300 8946 8947 9007 9006
118301 8947 8948 9008 9007
118302 8948 8949 9009 9008
118303 8949 8950 9010 9009
118304 8950 8951 9011 9010
118305 8951 8952 9012 9011
118306 8952 8953 9013 9012
118307 8953 8954 9014 9013
118308 8954 8955 9015 9014
118309 8955 8956 9016 9015
118310 8956 8957 9017 9016
118311 8957 8958 9018 9017
118312 8958 8959 9019 9018
118313 8959 8960 9020 9019
118314 8960 8961 9021 9020
118315 8961 8962 9022 9021
118316 8962 8963 9023 9022
118317 8963 8964 9024 9023
118318 8964 8965 9025 9024
118319 8965 8966 9026 9025
118320 8966 8967 9027 9026
118321 8967 8968 9028 9027
118322 8968 8969 9029 9028
118323 8969 8970 9030 9029
118324 8970 8971 9031 9030
118325 8971 8972 9032 9031
118326 8972 8973 9033 9032
118327 8973 8974 9034 9033
118328 8974 8975 9035 9034
118329 8975 8976 9036 9035
118330 8976 8977 9037 9036
118331 8977 8978 9038 9037
118332 8978 8979 9039 9038
118333 8979 8980 9040 9039
118334 8980 8981 9041 9040
118335 8981 8982 9042 9041
118336 8982 5751 5750 9042
120510 2556 8983 9043 2557
120511 8983 8984 9044 9043
120512 8984 8985 9045 9044
120513 8985 8986 9046 9045
120514 8986 8987 9047 9046
120515 8987 8988 9048 9047
120516 8988 8989 9049 9048
120517 8989 8990 9050 9049
120518 8990 8991 9051 9050
120519 8991 8992 9052 9051
120520 8992 8993 9053 9052
120521 8993 8994 9054 9053
120522 8994 8995 9055 9054
120523 8995 8996 9056 9055
120524 8996 8997 9057 9056
120525 8997 8998 9058 9057
120526 8998 8999 9059 9058
120527 8999 9000 9060 9059
120528 9000 9001 9061 9060
120529 9001 9002 9062 9061
120530 9002 9003 9063 9062
120531 9003 9004 9064 9063
120532 9004 9005 9065 9064
120533 9005 9006 9066 9065
120534 9006 9007 9067 9066
120535 9007 9008 9068 9067
120536 9008 9009 9069 9068
120537 9009 9010 9070 9069
120538 9010 9011 9071 9070
120539 9011 9012 9072 9071
120540 9012 9013 9073 9072
120541 9013 9014 9074 9073
120542 9014 9015 9075 9074
120543 9015 9016 9076 9075
120544 9016 9017 9077 9076
120545 9017 9018 9078 9077
120546 9018 9019 9079 9078
120547 9019 9020 9080 9079
120548 9020 9021 9081 9080
120549 9021 9022 9082 9081
120550 9022 9023 9083 9082
120551 9023 9024 9084 9083
120552 9024 9025 9085 9084
120553 9025 9026 9086 9085
120554 9026 9027 9087 9086
120555 9027 9028 9088 9087
120556 9028 9029 9089 9088
120557 9029 9030 9090 9089
120558 9030 9031 9091 9090
120559 9031 9032 9092 9091
120560 9032 9033 9093 9092
120561 9033 9034 9094 9093
120562 9034 9035 9095 9094
120563 9035 9036 9096 9095
120564 9036 9037 9097 9096
120565 9037 9038 9098 9097
120566 9038 9039 9099 9098
120567 9039 9040 9100 9099
120568 9040 9041 9101 9100
120569 9041 9042 9102 9101
120570 9042 5750 5749 9102
122744 2557 9043 9103 2558
122745 9043 9044 9104 9103
122746 9044 9045 9105 9104
122747 9045 9046 9106 9105
122748 9046 9047 9107 9106
122749 9047 9048 9108 9107
122750 9048 9049 9109 9108
122751 9049 9050 9110 9109
122752 9050 9051 9111 9110
122753 9051 9052 9112 9111
122754 9052 9053 9113 9112
122755 9053 9054 9114 9113
122756 9054 9055 9115 9114
122757 9055 9056 9116 9115
122758 9056 9057 9117 9116
122759 9057 9058 9118 9117
122760 9058 9059 9119 9118
122761 9059 9060 9120 9119
122762 9060 9061 9121 9120
122763 9061 9062 9122 9121
122764 9062 9063 9123 9122
122765 9063 9064 9124 9123
122766 9064 9065 9125 9124
122767 9065 9066 9126 9125
122768 9066 9067 9127 9126
122769 9067 9068 9128 9127
122770 9068 9069 9129 9128
122771 9069 9070 9130 9129
122772 9070 9071 9131 9130
122773 9071 9072 9132 9131
122774 9072 9073 9133 9132
122775 9073 9074 9134 9133
122776 9074 9075 9135 9134
122777 9075 9076 9136 9135
122778 9076 9077 9137 9136
122779 9077 9078 9138 9137
122780 9078 9079 9139 9138
122781 9079 9080 9140 9139
122782 9080 9081 9141 9140
122783 9081 9082 9142 9141
122784 9082 9083 9143 9142
122785 9083 9084 9144 9143
122786 9084 9085 9145 9144
122787 9085 9086 9146 9145
122788 9086 9087 9147 9146
122789 9087 9088 9148 9147
122790 9088 9089 9149 9148
122791 9089 9090 9150 9149
122792 9090 9091 9151 9150
122793 9091 9092 9152 9151
122794 9092 9093 9153 9152
122795 9093 9094 9154 9153
122796 9094 9095 9155 9154
122797 9095 9096 9156 9155
122798 9096 9097 9157 9156
122799 9097 9098 9158 9157
122800 9098 9099 9159 9158
122801 9099 9100 9160 9159
122802 9100 9101 9161 9160
122803 9101 9102 9162 9161
122804 9102 5749 5748 9162
124978 2558 9103 9163 2559
124979 9103 9104 9164 9163
124980 9104 9105 9165 9164
124981 9105 9106 9166 9165
124982 9106 9107 9167 9166
124983 9107 9108 9168 9167
124984 9108 9109 9169 9168
124985 9109 9110 9170 9169
124986 9110 9111 9171 9170
124987 9111 9112 9172 9171
124988 9112 9113 9173 9172
124989 9113 9114 9174 9173
124990 9114 9115 9175 9174
124991 9115 9116 9176 9175
124992 9116 9117 9177 9176
124993 9117 9118 9178 9177
124994 9118 9119 9179 9178
124995 9119 9120 9180 9179
124996 9120 9121 9181 9180
124997 9121 9122 9182 9181
124998 9122 9123 9183 9182
124999 9123 9124 9184 9183
125000 9124 9125 9185 9184
125001 9125 9126 9186 9185
125002 9126 9127 9187 9186
125003 9127 9128 9188 9187
125004 9128 9129 9189 9188
125005 9129 9130 9190 9189
125006 9130 9131 9191 9190
125007 9131 9132 9192 9191
125008 9132 9133 9193 9192
125009 9133 9134 9194 9193
125010 9134 9135 9195 9194
125011 9135 9136 9196 9195
125012 9136 9137 9197 9196
125013 9137 9138 9198 9197
125014 9138 9139 9199 9198
125015 9139 9140 9200 9199
125016 9140 9141 9201 9200
125017 9141 9142 9202 9201
125018 9142 9143 9203 9202
125019 9143 9144 9204 9203
125020 9144 9145 9205 9204
125021 9145 9146 9206 9205
125022 9146 9147 9207 9206
125023 9147 9148 9208 9207
125024 9148 9149 9209 9208
125025 9149 9150 9210 9209
125026 9150 9151 9211 9210
125027 9151 9152 9212 9211
125028 9152 9153 9213 9212
125029 9153 9154 9214 9213
125030 9154 9155 9215 9214
125031 9155 9156 9216 9215
125032 9156 9157 9217 9216
125033 9157 9158 9218 9217
125034 9158 9159 9219 9218
125035 9159 9160 9220 9219
125036 9160 9161 9221 9220
125037 9161 9162 9222 9221
125038 9162 5748 5747 9222
127212 2559 9163 9223 2560
127213 9163 9164 9224 9223
127214 9164 9165 9225 9224
127215 9165 9166 9226 9225
127216 9166 9167 9227 9226
127217 9167 9168 9228 9227
127218 9168 9169 9229 9228
127219 9169 9170 9230 9229
127220 9170 9171 9231 9230
127221 9171 9172 9232 9231
127222 9172 9173 9233 9232
127223 9173 9174 9234 9233
127224 9174 9175 9235 9234
127225 9175 9176 9236 9235
127226 9176 9177 9237 9236
127227 9177 9178 9238 9237
127228 9178 9179 9239 9238
127229 9179 9180 9240 9239
127230 9180 9181 9241 9240
127231 9181 9182 9242 9241
127232 9182 9183 9243 9242
127233 9183 9184 9244 9243
127234 9184 9185 9245 9244
127235 9185 9186 9246 9245
127236 9186 9187 9247 9246
127237 9187 9188 9248 9247
127238 9188 9189 9249 9248
127239 9189 9190 9250 9249
127240 9190 9191 9251 9250
127241 9191 9192 9252 9251
127242 9192 9193 9253 9252
127243 9193 9194 9254 9253
127244 9194 9195 9255 9254
127245 9195 9196 9256 9255
127246 9196 9197 9257 9256
127247 9197 9198 9258 9257
127248 9198 9199 9259 9258
127249 9199 9200 9260 9259
127250 9200 9201 9261 9260
127251 9201 9202 9262 9261
127252 9202 9203 9263 9262
127253 9203 9204 9264 9263
127254 9204 9205 9265 9264
127255 9205 9206 9266 9265
127256 9206 9207 9267 9266
127257 9207 9208 9268 9267
127258 9208 9209 9269 9268
127259 9209 9210 9270 9269
127260 9210 9211 9271 9270
127261 9211 9212 9272 9271
127262 9212 9213 9273 9272
127263 9213 9214 9274 9273
127264 9214 9215 9275 9274
127265 9215 9216 9276 9275
127266 9216 9217 9277 9276
127267 9217 9218 9278 9277
127268 9218 9219 9279 9278
127269 9219 9220 9280 9279
127270 9220 9221 9281 9280
127271 9221 9222 9282 9281
127272 9222 5747 5746 9282
129446 2560 9223 9283 2561
129447 9223 9224 9284 9283
129448 9224 9225 9285 9284
129449 9225 9226 9286 9285
129450 9226 9227 9287 9286
129451 9227 9228 9288 9287
129452 9228 9229 9289 9288
129453 9229 9230 9290 9289
129454 9230 9231 9291 9290
129455 9231 9232 9292 9291
129456 9232 9233 9293 9292
129457 9233 9234 9294 9293
129458 9234 9235 9295 9294
129459 9235 9236 9296 9295
129460 9236 9237 9297 9296
129461 9237 9238 9298 9297
129462 9238 9239 9299 9298
129463 9239 9240 9300 9299
129464 9240 9241 9301 9300
129465 9241 9242 9302 9301
129466 9242 9243 9303 9302
129467 9243 9244 9304 9303
129468 9244 9245 9305 9304
129469 9245 9246 9306 9305
129470 9246 9247 9307 9306
129471 9247 9248 9308 9307
129472 9248 9249 9309 9308
129473 9249 9250 9310 9309
129474 9250 9251 9311 9310
129475 9251 9252 9312 9311
129476 9252 9253 9313 9312
129477 9253 9254 9314 9313
129478 9254 9255 9315 9314
129479 9255 9256 9316 9315
129480 9256 9257 9317 9316
129481 9257 9258 9318 9317
129482 9258 9259 9319 9318
129483 9259 9260 9320 9319
129484 9260 9261 9321 9320
129485 9261 9262 9322 9321
129486 9262 9263 9323 9322
129487 9263 9264 9324 9323
129488 9264 9265 9325 9324
129489 9265 9266 9326 9325
129490 9266 9267 9327 9326
129491 9267 9268 9328 9327
129492 9268 9269 9329 9328
129493 9269 9270 9330 9329
129494 9270 9271 9331 9330
129495 9271 9272 9332 9331
129496 9272 9273 9333 9332
129497 9273 9274 9334 9333
129498 9274 9275 9335 9334
129499 9275 9276 9336 9335
129500 9276 9277 9337 9336
129501 9277 9278 9338 9337
129502 9278 9279 9339 9338
129503 9279 9280 9340 9339
129504 9280 9281 9341 9340
129505 9281 9282 9342 9341
129506 9282 5746 5745 9342
131680 2561 9283 9343 2562
131681 9283 9284 9344 9343
131682 9284 9285 9345 9344
131683 9285 9286 9346 9345
131684 9286 9287 9347 9346
131685 9287 9288 9348 9347
131686 9288 9289 9349 9348
131687 9289 9290 9350 9349
131688 9290 9291 9351 9350
131689 9291 9292 9352 9351
131690 9292 9293 9353 9352
131691 9293 9294 9354 9353
131692 9294 9295 9355 9354
131693 9295 9296 9356 9355
131694 9296 9297 9357 9356
131695 9297 9298 9358 9357
131696 9298 9299 9359 9358
131697 9299 9300 9360 9359
131698 9300 9301 9361 9360
131699 9301 9302 9362 9361
131700 9302 9303 9363 9362
131701 9303 9304 9364 9363
131702 9304 9305 9365 9364
131703 9305 9306 9366 9365
131704 9306 9307 9367 9366
131705 9307 9308 9368 9367
131706 9308 9309 9369 9368
131707 9309 9310 9370 9369
131708 9310 9311 9371 9370
131709 9311 9312 9372 9371
131710 9312 9313 9373 9372
131711 9313 9314 9374 9373
131712 9314 9315 9375 9374
131713 9315 9316 9376 9375
131714 9316 9317 9377 9376
131715 9317 9318 9378 9377
131716 9318 9319 9379 9378
131717 9319 9320 9380 9379
131718 9320 9321 9381 9380
131719 9321 9322 9382 9381
131720 9322 9323 9383 9382
131721 9323 9324 9384 9383
131722 9324 9325 9385 9384
131723 9325 9326 9386 9385
131724 9326 9327 9387 9386
131725 9327 9328 9388 9387
131726 9328 9329 9389 9388
131727 9329 9330 9390 9389
131728 9330 9331 9391 9390
131729 9331 9332 9392 9391
131730 9332 9333 9393 9392
131731 9333 9334 9394 9393
131732 9334 9335 9395 9394
131733 9335 9336 9396 9395
131734 9336 9337 9397 9396
131735 9337 9338 9398 9397
131736 9338 9339 9399 9398
131737 9339 9340 9400 9399
131738 9340 9341 9401 9400
131739 9341 9342 9402 9401
131740 9342 5745 5744 9402
133914 2562 9343 5803 2503
133915 9343 9344 5804 5803
133916 9344 9345 5805 5804
133917 9345 9346 5806 5805
133918 9346 9347 5807 5806
133919 9347 9348 5808 5807
133920 9348 9349 5809 5808
133921 9349 9350 5810 5809
133922 9350 9351 5811 5810
133923 9351 9352 5812 5811
133924 9352 9353 5813 5812
133925 9353 9354 5814 5813
133926 9354 9355 5815 5814
133927 9355 9356 5816 5815
133928 9356 9357 5817 5816
133929 9357 9358 5818 5817
133930 9358 9359 5819 5818
133931 9359 9360 5820 5819
133932 9360 9361 5821 5820
133933 9361 9362 5822 5821
133934 9362 9363 5823 5822
133935 9363 9364 5824 5823
133936 9364 9365 5825 5824
133937 9365 9366 5826 5825
133938 9366 9367 5827 5826
133939 9367 9368 5828 5827
133940 9368 9369 5829 5828
133941 9369 9370 5830 5829
133942 9370 9371 5831 5830
133943 9371 9372 5832 5831
133944 9372 9373 5833 5832
133945 9373 9374 5834 5833
133946 9374 9375 5835 5834
133947 9375 9376 5836 5835
133948 9376 9377 5837 5836
133949 9377 9378 5838 5837
133950 9378 9379 5839 5838
133951 9379 9380 5840 5839
133952 9380 9381 5841 5840
133953 9381 9382 5842 5841
133954 9382 9383 5843 5842
133955 9383 9384 5844 5843
133956 9384 9385 5845 5844
133957 9385 9386 5846 5845
133958 9386 9387 5847 5846
133959 9387 9388 5848 5847
133960 9388 9389 5849 5848
133961 9389 9390 5850 5849
133962 9390 9391 5851 5850
133963 9391 9392 5852 5851
133964 9392 9393 5853 5852
133965 9393 9394 5854 5853
133966 9394 9395 5855 5854
133967 9395 9396 5856 5855
133968 9396 9397 5857 5856
133969 9397 9398 5858 5857
133970 9398 9399 5859 5858
133971 9399 9400 5860 5859
133972 9400 9401 5861 5860
133973 9401 9402 5862 5861
133974 9402 5744 5743 5862
