      2396
1 2315 2279 2280 2281
2 2337 2292 2293 2313
3 2340 1980 1982 2256
4 2334 2043 1980 2340
5 2159 2334 2340 2158
6 2158 2340 2256 2157
7 1697 2339 1939 1816
8 1698 2338 2339 1697
9 1699 1817 2338 1698
10 2339 2000 2128 1939
11 2338 2001 2000 2339
12 1817 1874 2001 2338
13 2297 2233 2234 2235
14 2297 2298 2319 2296
15 2279 2315 2337 2314
16 2337 2336 2295 2314
17 2335 2336 2294 2283
18 2278 2295 2336 2335
19 2327 2316 2284 2285
20 2327 2325 2326 2316
21 2334 2257 2042 2043
22 2334 2159 2160 2257
23 2333 1998 2202 2176
24 2333 2127 1997 1998
25 2333 2204 2231 2127
26 2333 2176 2177 2204
27 2000 2001 2129 2203
28 2203 2202 2128 2000
29 2031 2064 2065 2113
30 2031 2032 2114 2064
31 1877 1878 1879 2003
32 1876 1877 2003 2002
33 1937 1938 1999 1936
34 1610 1501 2332 1729
35 2332 1386 1502 1729
36 1501 1385 1386 2332
37 1244 1044 1045 1282
38 1244 1245 1283 1044
39 2323 2328 2331 2322
40 2321 2322 2331 2320
41 2329 2320 2331 2328
42 2317 2330 2329 2328
43 2324 2317 2328 2323
44 2327 2317 2324 2325
45 2285 2286 2317 2327
46 2310 2311 2316 2326
47 2309 2310 2326 2325
48 2308 2309 2325 2324
49 2307 2308 2324 2323
50 2306 2307 2323 2322
51 2305 2306 2322 2321
52 2303 2304 2305 2321
53 2302 2303 2321 2320
54 2301 2302 2320 2329
55 2300 2301 2329 2330
56 2299 2300 2330 2318
57 2298 2299 2318 2319
58 2289 2290 2296 2319
59 2288 2289 2319 2318
60 2287 2288 2318 2330
61 2286 2287 2330 2317
62 2312 2284 2316 2311
63 2294 2336 2337 2313
64 2291 2292 2337 2315
65 2282 2291 2315 2281
66 2253 2254 2312 2311
67 2252 2253 2311 2310
68 2251 2252 2310 2309
69 2250 2251 2309 2308
70 2249 2250 2308 2307
71 2248 2249 2307 2306
72 2247 2248 2306 2305
73 2246 2247 2305 2304
74 2242 2243 2246 2304
75 2241 2242 2304 2303
76 2240 2241 2303 2302
77 2239 2240 2302 2301
78 2238 2239 2301 2300
79 2237 2238 2300 2299
80 2236 2237 2299 2298
81 2235 2236 2298 2297
82 2232 2233 2297 2296
83 2231 2232 2296 2290
84 2134 2135 2278 2335
85 2133 2134 2335 2283
86 2276 2277 2283 2294
87 2275 2276 2294 2313
88 2274 2275 2313 2293
89 2273 2274 2293 2292
90 2272 2273 2292 2291
91 2271 2272 2291 2282
92 2126 2127 2231 2290
93 2125 2126 2290 2289
94 2124 2125 2289 2288
95 2123 2124 2288 2287
96 2122 2123 2287 2286
97 2121 2122 2286 2285
98 2120 2121 2285 2284
99 2119 2120 2284 2312
100 2118 2119 2312 2254
101 2117 2118 2254 2255
102 2132 2133 2283 2277
103 2265 2266 2271 2282
104 2264 2265 2282 2281
105 2263 2264 2281 2280
106 2262 2263 2280 2279
107 2261 2262 2279 2314
108 2260 2261 2314 2295
109 2259 2260 2295 2278
110 2258 2259 2278 2135
111 2201 2131 2132 2277
112 2200 2201 2277 2276
113 2199 2200 2276 2275
114 2198 2199 2275 2274
115 2270 2198 2274 2273
116 2269 2270 2273 2272
117 2268 2269 2272 2271
118 2267 2268 2271 2266
119 2193 2194 2270 2269
120 2192 2193 2269 2268
121 2191 2192 2268 2267
122 2170 2171 2191 2267
123 2169 2170 2267 2266
124 2168 2169 2266 2265
125 2167 2168 2265 2264
126 2166 2167 2264 2263
127 2165 2166 2263 2262
128 2164 2165 2262 2261
129 2163 2164 2261 2260
130 2162 2163 2260 2259
131 2161 2162 2259 2258
132 2160 2161 2258 2257
133 2156 2157 2256 2115
134 2228 2229 2117 2255
135 2227 2228 2255 2254
136 2226 2227 2254 2253
137 2225 2226 2253 2252
138 2224 2225 2252 2251
139 2223 2224 2251 2250
140 2222 2223 2250 2249
141 2221 2222 2249 2248
142 2220 2221 2248 2247
143 2219 2220 2247 2246
144 2218 2219 2246 2243
145 2155 2156 2115 2245
146 2154 2155 2245 2244
147 2152 2153 2154 2244
148 2216 2217 2218 2243
149 2215 2216 2243 2242
150 2214 2215 2242 2241
151 2213 2214 2241 2240
152 2212 2213 2240 2239
153 2211 2212 2239 2238
154 2210 2211 2238 2237
155 2209 2210 2237 2236
156 2208 2209 2236 2235
157 2207 2208 2235 2234
158 2206 2207 2234 2233
159 2205 2206 2233 2232
160 2204 2205 2232 2231
161 2151 2152 2244 2116
162 2150 2151 2116 2230
163 2149 2150 2230 2229
164 2148 2149 2229 2228
165 2147 2148 2228 2227
166 2146 2147 2227 2226
167 2145 2146 2226 2225
168 2144 2145 2225 2224
169 2143 2144 2224 2223
170 2142 2143 2223 2222
171 2141 2142 2222 2221
172 2140 2141 2221 2220
173 2139 2140 2220 2219
174 2138 2139 2219 2218
175 2137 2138 2218 2217
176 2190 2136 2137 2217
177 2189 2190 2217 2216
178 2188 2189 2216 2215
179 2187 2188 2215 2214
180 2186 2187 2214 2213
181 2185 2186 2213 2212
182 2184 2185 2212 2211
183 2183 2184 2211 2210
184 2182 2183 2210 2209
185 2181 2182 2209 2208
186 2180 2181 2208 2207
187 2179 2180 2207 2206
188 2178 2179 2206 2205
189 2177 2178 2205 2204
190 2175 2130 2131 2201
191 2174 2175 2201 2200
192 2173 2174 2200 2199
193 2197 2173 2199 2198
194 2197 2198 2270 2194
195 2196 2197 2194 2195
196 2172 2173 2197 2196
197 2112 2113 2172 2196
198 2111 2112 2196 2195
199 2110 2111 2195 2194
200 2109 2110 2194 2193
201 2108 2109 2193 2192
202 2107 2108 2192 2191
203 2106 2107 2191 2171
204 2060 2061 2136 2190
205 2059 2060 2190 2189
206 2058 2059 2189 2188
207 2057 2058 2188 2187
208 2056 2057 2187 2186
209 2055 2056 2186 2185
210 2054 2055 2185 2184
211 2053 2054 2184 2183
212 2052 2053 2183 2182
213 2051 2052 2182 2181
214 2050 2051 2181 2180
215 2049 2050 2180 2179
216 2048 2049 2179 2178
217 2047 2048 2178 2177
218 2046 2047 2177 2176
219 2045 2046 2176 2202
220 2044 2045 2202 2203
221 2002 2044 2203 2129
222 2067 2068 2130 2175
223 2066 2067 2175 2174
224 2066 2174 2173 2172
225 2065 2066 2172 2113
226 2104 2105 2106 2171
227 2103 2104 2171 2170
228 2102 2103 2170 2169
229 2101 2102 2169 2168
230 2100 2101 2168 2167
231 2099 2100 2167 2166
232 2098 2099 2166 2165
233 2097 2098 2165 2164
234 2096 2097 2164 2163
235 2095 2096 2163 2162
236 2094 2095 2162 2161
237 2093 2094 2161 2160
238 2092 2093 2160 2159
239 2091 2092 2159 2158
240 2090 2091 2158 2157
241 2089 2090 2157 2156
242 2088 2089 2156 2155
243 2087 2088 2155 2154
244 2086 2087 2154 2153
245 2085 2086 2153 2152
246 2084 2085 2152 2151
247 2083 2084 2151 2150
248 2082 2083 2150 2149
249 2081 2082 2149 2148
250 2080 2081 2148 2147
251 2079 2080 2147 2146
252 2078 2079 2146 2145
253 2077 2078 2145 2144
254 2076 2077 2144 2143
255 2075 2076 2143 2142
256 2074 2075 2142 2141
257 2073 2074 2141 2140
258 2072 2073 2140 2139
259 2071 2072 2139 2138
260 2070 2071 2138 2137
261 2069 2070 2137 2136
262 2062 2069 2136 2061
263 2042 2257 2258 2135
264 2041 2042 2135 2134
265 2040 2041 2134 2133
266 2039 2040 2133 2132
267 2038 2039 2132 2131
268 2037 2038 2131 2130
269 2035 2036 2037 2130
270 2034 2035 2130 2068
271 1998 1999 2128 2202
272 1996 1997 2127 2126
273 1995 1996 2126 2125
274 1994 1995 2125 2124
275 1993 1994 2124 2123
276 1992 1993 2123 2122
277 1991 1992 2122 2121
278 1990 1991 2121 2120
279 1989 1990 2120 2119
280 1988 1989 2119 2118
281 1987 1988 2118 2117
282 1987 2117 2229 2230
283 1986 1987 2230 2116
284 1985 1986 2116 2244
285 1984 1985 2244 2245
286 1983 1984 2245 2115
287 1982 1983 2115 2256
288 2032 2033 2063 2114
289 2030 2031 2113 2112
290 2029 2030 2112 2111
291 2028 2029 2111 2110
292 2027 2028 2110 2109
293 2026 2027 2109 2108
294 2025 2026 2108 2107
295 2024 2025 2107 2106
296 2023 2024 2106 2105
297 1978 1979 2023 2105
298 1977 1978 2105 2104
299 1976 1977 2104 2103
300 1975 1976 2103 2102
301 1974 1975 2102 2101
302 1973 1974 2101 2100
303 1972 1973 2100 2099
304 1971 1972 2099 2098
305 1970 1971 2098 2097
306 1969 1970 2097 2096
307 1968 1969 2096 2095
308 1967 1968 2095 2094
309 1966 1967 2094 2093
310 1965 1966 2093 2092
311 1964 1965 2092 2091
312 1963 1964 2091 2090
313 1962 1963 2090 2089
314 1961 1962 2089 2088
315 1960 1961 2088 2087
316 1959 1960 2087 2086
317 1958 1959 2086 2085
318 1957 1958 2085 2084
319 1956 1957 2084 2083
320 1955 1956 2083 2082
321 1954 1955 2082 2081
322 1953 1954 2081 2080
323 1952 1953 2080 2079
324 1951 1952 2079 2078
325 1950 1951 2078 2077
326 1949 1950 2077 2076
327 1948 1949 2076 2075
328 1947 1948 2075 2074
329 1946 1947 2074 2073
330 1945 1946 2073 2072
331 1944 1945 2072 2071
332 1943 1944 2071 2070
333 1942 1943 2070 2069
334 1941 1942 2069 2062
335 1908 1909 2034 2068
336 1907 1908 2068 2067
337 1907 2067 2066 2065
338 1906 1907 2065 2064
339 1904 1906 2064 2114
340 1903 1904 2114 2063
341 1902 1903 2063 2033
342 2022 1940 1941 2062
343 2021 2022 2062 2061
344 2020 2021 2061 2060
345 2019 2020 2060 2059
346 2018 2019 2059 2058
347 2017 2018 2058 2057
348 2016 2017 2057 2056
349 2015 2016 2056 2055
350 2014 2015 2055 2054
351 2013 2014 2054 2053
352 2012 2013 2053 2052
353 2011 2012 2052 2051
354 2010 2011 2051 2050
355 2009 2010 2050 2049
356 2008 2009 2049 2048
357 2007 2008 2048 2047
358 2006 2007 2047 2046
359 2005 2006 2046 2045
360 2004 2005 2045 2044
361 2003 2004 2044 2002
362 1918 1981 1980 2043
363 1918 2043 2042 2041
364 1917 1918 2041 2040
365 1916 1917 2040 2039
366 1915 1916 2039 2038
367 1914 1915 2038 2037
368 1913 1914 2037 2036
369 1912 1913 2036 2035
370 1911 1912 2035 2034
371 1910 1911 2034 1909
372 1830 1831 1902 2033
373 1829 1830 2033 2032
374 1828 1829 2032 2031
375 1827 1828 2031 2030
376 1826 1827 2030 2029
377 1825 1826 2029 2028
378 1824 1825 2028 2027
379 1823 1824 2027 2026
380 1822 1823 2026 2025
381 1821 1822 2025 2024
382 1820 1821 2024 2023
383 1819 1820 2023 1979
384 1898 1899 1940 2022
385 1897 1898 2022 2021
386 1896 1897 2021 2020
387 1895 1896 2020 2019
388 1894 1895 2019 2018
389 1893 1894 2018 2017
390 1892 1893 2017 2016
391 1891 1892 2016 2015
392 1890 1891 2015 2014
393 1889 1890 2014 2013
394 1888 1889 2013 2012
395 1887 1888 2012 2011
396 1886 1887 2011 2010
397 1885 1886 2010 2009
398 1884 1885 2009 2008
399 1883 1884 2008 2007
400 1882 1883 2007 2006
401 1881 1882 2006 2005
402 1880 1881 2005 2004
403 1879 1880 2004 2003
404 1875 1876 2002 2129
405 1874 1875 2129 2001
406 1938 1939 2128 1999
407 1935 1936 1999 1998
408 1934 1935 1998 1997
409 1933 1934 1997 1996
410 1932 1933 1996 1995
411 1931 1932 1995 1994
412 1930 1931 1994 1993
413 1929 1930 1993 1992
414 1928 1929 1992 1991
415 1927 1928 1991 1990
416 1926 1927 1990 1989
417 1925 1926 1989 1988
418 1925 1988 1987 1986
419 1924 1925 1986 1985
420 1923 1924 1985 1984
421 1922 1923 1984 1983
422 1921 1922 1983 1982
423 1920 1921 1982 1980
424 1919 1920 1980 1981
425 1873 1818 1819 1979
426 1872 1873 1979 1978
427 1871 1872 1978 1977
428 1870 1871 1977 1976
429 1869 1870 1976 1975
430 1868 1869 1975 1974
431 1867 1868 1974 1973
432 1866 1867 1973 1972
433 1865 1866 1972 1971
434 1864 1865 1971 1970
435 1863 1864 1970 1969
436 1862 1863 1969 1968
437 1861 1862 1968 1967
438 1860 1861 1967 1966
439 1859 1860 1966 1965
440 1858 1859 1965 1964
441 1857 1858 1964 1963
442 1856 1857 1963 1962
443 1855 1856 1962 1961
444 1854 1855 1961 1960
445 1853 1854 1960 1959
446 1852 1853 1959 1958
447 1851 1852 1958 1957
448 1850 1851 1957 1956
449 1849 1850 1956 1955
450 1848 1849 1955 1954
451 1847 1848 1954 1953
452 1846 1847 1953 1952
453 1845 1846 1952 1951
454 1844 1845 1951 1950
455 1843 1844 1950 1949
456 1842 1843 1949 1948
457 1841 1842 1948 1947
458 1840 1841 1947 1946
459 1839 1840 1946 1945
460 1838 1839 1945 1944
461 1837 1838 1944 1943
462 1836 1837 1943 1942
463 1835 1836 1942 1941
464 1834 1835 1941 1940
465 1833 1834 1940 1899
466 1815 1816 1939 1938
467 1814 1815 1938 1937
468 1813 1814 1937 1936
469 1587 1813 1936 1935
470 1586 1587 1935 1934
471 1585 1586 1934 1933
472 1584 1585 1933 1932
473 1583 1584 1932 1931
474 1582 1583 1931 1930
475 1581 1582 1930 1929
476 1580 1581 1929 1928
477 1579 1580 1928 1927
478 1578 1579 1927 1926
479 1577 1578 1926 1576
480 1576 1926 1925 1924
481 1575 1576 1924 1923
482 1574 1575 1923 1922
483 1573 1574 1922 1921
484 1572 1573 1921 1920
485 1571 1572 1920 1919
486 1590 1570 1571 1919
487 1591 1590 1919 1981
488 1591 1981 1918 1917
489 1569 1591 1917 1916
490 1568 1569 1916 1915
491 1567 1568 1915 1914
492 1807 1567 1914 1913
493 1806 1807 1913 1912
494 1805 1806 1912 1911
495 1804 1805 1911 1910
496 1802 1803 1804 1910
497 1801 1802 1910 1909
498 1800 1801 1909 1908
499 1800 1908 1907 1906
500 1905 1800 1906 1904
501 1901 1798 1799 1905
502 1901 1905 1904 1903
503 1900 1901 1903 1902
504 1832 1900 1902 1831
505 1797 1798 1901 1900
506 1796 1797 1900 1832
507 1794 1795 1833 1899
508 1793 1794 1899 1898
509 1792 1793 1898 1897
510 1791 1792 1897 1896
511 1790 1791 1896 1895
512 1789 1790 1895 1894
513 1788 1789 1894 1893
514 1787 1788 1893 1892
515 1786 1787 1892 1891
516 1785 1786 1891 1890
517 1784 1785 1890 1889
518 1783 1784 1889 1888
519 1782 1783 1888 1887
520 1781 1782 1887 1886
521 1780 1781 1886 1885
522 1779 1780 1885 1884
523 1778 1779 1884 1883
524 1777 1778 1883 1882
525 1776 1777 1882 1881
526 1775 1776 1881 1880
527 1774 1775 1880 1879
528 1773 1774 1879 1878
529 1812 1773 1878 1877
530 1811 1812 1877 1876
531 1810 1811 1876 1875
532 1809 1810 1875 1874
533 1808 1809 1874 1817
534 1771 1772 1818 1873
535 1770 1771 1873 1872
536 1769 1770 1872 1871
537 1768 1769 1871 1870
538 1767 1768 1870 1869
539 1766 1767 1869 1868
540 1765 1766 1868 1867
541 1764 1765 1867 1866
542 1763 1764 1866 1865
543 1762 1763 1865 1864
544 1761 1762 1864 1863
545 1760 1761 1863 1862
546 1759 1760 1862 1861
547 1758 1759 1861 1860
548 1757 1758 1860 1859
549 1756 1757 1859 1858
550 1755 1756 1858 1857
551 1754 1755 1857 1856
552 1753 1754 1856 1855
553 1752 1753 1855 1854
554 1751 1752 1854 1853
555 1750 1751 1853 1852
556 1749 1750 1852 1851
557 1748 1749 1851 1850
558 1747 1748 1850 1849
559 1746 1747 1849 1848
560 1745 1746 1848 1847
561 1744 1745 1847 1846
562 1743 1744 1846 1845
563 1742 1743 1845 1844
564 1741 1742 1844 1843
565 1740 1741 1843 1842
566 1739 1740 1842 1841
567 1738 1739 1841 1840
568 1737 1738 1840 1839
569 1736 1737 1839 1838
570 1735 1736 1838 1837
571 1734 1735 1837 1836
572 1733 1734 1836 1835
573 1732 1733 1835 1834
574 1731 1732 1834 1833
575 1730 1731 1833 1795
576 1726 1727 1796 1832
577 1725 1726 1832 1831
578 1724 1725 1831 1830
579 1723 1724 1830 1829
580 1722 1723 1829 1828
581 1721 1722 1828 1827
582 1720 1721 1827 1826
583 1719 1720 1826 1825
584 1718 1719 1825 1824
585 1717 1718 1824 1823
586 1716 1717 1823 1822
587 1715 1716 1822 1821
588 1714 1715 1821 1820
589 1713 1714 1820 1819
590 1712 1713 1819 1818
591 1711 1712 1818 1772
592 1699 1700 1808 1817
593 1695 1696 1697 1816
594 1694 1695 1816 1815
595 1693 1694 1815 1814
596 1692 1693 1814 1813
597 1588 1692 1813 1587
598 1707 1708 1773 1812
599 1706 1707 1812 1811
600 1705 1706 1811 1810
601 1704 1705 1810 1809
602 1703 1704 1809 1808
603 1701 1703 1808 1700
604 1542 1543 1567 1807
605 1541 1542 1807 1806
606 1540 1541 1806 1805
607 1539 1540 1805 1804
608 1538 1539 1804 1803
609 1565 1538 1803 1802
610 1566 1565 1802 1801
611 1566 1801 1800 1905
612 1537 1566 1905 1799
613 1536 1537 1799 1798
614 1535 1536 1798 1797
615 1534 1535 1797 1796
616 1728 1534 1796 1727
617 1690 1691 1730 1795
618 1689 1690 1795 1794
619 1688 1689 1794 1793
620 1687 1688 1793 1792
621 1686 1687 1792 1791
622 1685 1686 1791 1790
623 1684 1685 1790 1789
624 1683 1684 1789 1788
625 1682 1683 1788 1787
626 1681 1682 1787 1786
627 1680 1681 1786 1785
628 1679 1680 1785 1784
629 1678 1679 1784 1783
630 1677 1678 1783 1782
631 1676 1677 1782 1781
632 1675 1676 1781 1780
633 1674 1675 1780 1779
634 1673 1674 1779 1778
635 1672 1673 1778 1777
636 1671 1672 1777 1776
637 1670 1671 1776 1775
638 1669 1670 1775 1774
639 1668 1669 1774 1773
640 1709 1668 1773 1708
641 1665 1666 1711 1772
642 1664 1665 1772 1771
643 1663 1664 1771 1770
644 1662 1663 1770 1769
645 1661 1662 1769 1768
646 1660 1661 1768 1767
647 1659 1660 1767 1766
648 1658 1659 1766 1765
649 1657 1658 1765 1764
650 1656 1657 1764 1763
651 1655 1656 1763 1762
652 1654 1655 1762 1761
653 1653 1654 1761 1760
654 1652 1653 1760 1759
655 1651 1652 1759 1758
656 1650 1651 1758 1757
657 1649 1650 1757 1756
658 1648 1649 1756 1755
659 1647 1648 1755 1754
660 1646 1647 1754 1753
661 1645 1646 1753 1752
662 1644 1645 1752 1751
663 1643 1644 1751 1750
664 1642 1643 1750 1749
665 1641 1642 1749 1748
666 1640 1641 1748 1747
667 1639 1640 1747 1746
668 1638 1639 1746 1745
669 1637 1638 1745 1744
670 1636 1637 1744 1743
671 1635 1636 1743 1742
672 1634 1635 1742 1741
673 1633 1634 1741 1740
674 1632 1633 1740 1739
675 1631 1632 1739 1738
676 1630 1631 1738 1737
677 1629 1630 1737 1736
678 1628 1629 1736 1735
679 1627 1628 1735 1734
680 1626 1627 1734 1733
681 1625 1626 1733 1732
682 1624 1625 1732 1731
683 1623 1624 1731 1730
684 1622 1623 1730 1691
685 1610 1729 1728 1727
686 1609 1610 1727 1726
687 1608 1609 1726 1725
688 1607 1608 1725 1724
689 1606 1607 1724 1723
690 1605 1606 1723 1722
691 1604 1605 1722 1721
692 1603 1604 1721 1720
693 1602 1603 1720 1719
694 1601 1602 1719 1718
695 1600 1601 1718 1717
696 1599 1600 1717 1716
697 1598 1599 1716 1715
698 1597 1598 1715 1714
699 1596 1597 1714 1713
700 1595 1596 1713 1712
701 1594 1595 1712 1711
702 1593 1594 1711 1666
703 1457 1458 1709 1710
704 1278 1279 1667 1710
705 1278 1710 1709 1708
706 1277 1278 1708 1707
707 1276 1277 1707 1706
708 1275 1276 1706 1705
709 1274 1275 1705 1704
710 1273 1274 1704 1703
711 1272 1273 1703 1701
712 1271 1272 1701 1702
713 1619 1270 1271 1702
714 1619 1702 1701 1700
715 1618 1619 1700 1699
716 1617 1618 1699 1698
717 1616 1617 1698 1697
718 1615 1616 1697 1696
719 1614 1615 1696 1695
720 1613 1614 1695 1694
721 1612 1613 1694 1693
722 1611 1612 1693 1692
723 1589 1611 1692 1588
724 1482 1483 1622 1691
725 1481 1482 1691 1690
726 1480 1481 1690 1689
727 1479 1480 1689 1688
728 1478 1479 1688 1687
729 1477 1478 1687 1686
730 1476 1477 1686 1685
731 1475 1476 1685 1684
732 1474 1475 1684 1683
733 1473 1474 1683 1682
734 1472 1473 1682 1681
735 1471 1472 1681 1680
736 1470 1471 1680 1679
737 1469 1470 1679 1678
738 1468 1469 1678 1677
739 1467 1468 1677 1676
740 1466 1467 1676 1675
741 1465 1466 1675 1674
742 1464 1465 1674 1673
743 1463 1464 1673 1672
744 1462 1463 1672 1671
745 1461 1462 1671 1670
746 1460 1461 1670 1669
747 1459 1460 1669 1668
748 1458 1459 1668 1709
749 1456 1457 1710 1667
750 1455 1456 1667 1279
751 1454 1455 1279 1621
752 1450 1451 1593 1666
753 1449 1450 1666 1665
754 1448 1449 1665 1664
755 1447 1448 1664 1663
756 1446 1447 1663 1662
757 1445 1446 1662 1661
758 1444 1445 1661 1660
759 1443 1444 1660 1659
760 1442 1443 1659 1658
761 1441 1442 1658 1657
762 1440 1441 1657 1656
763 1439 1440 1656 1655
764 1438 1439 1655 1654
765 1437 1438 1654 1653
766 1436 1437 1653 1652
767 1435 1436 1652 1651
768 1434 1435 1651 1650
769 1433 1434 1650 1649
770 1432 1433 1649 1648
771 1431 1432 1648 1647
772 1430 1431 1647 1646
773 1429 1430 1646 1645
774 1428 1429 1645 1644
775 1427 1428 1644 1643
776 1426 1427 1643 1642
777 1425 1426 1642 1641
778 1424 1425 1641 1640
779 1423 1424 1640 1639
780 1422 1423 1639 1638
781 1421 1422 1638 1637
782 1420 1421 1637 1636
783 1419 1420 1636 1635
784 1418 1419 1635 1634
785 1417 1418 1634 1633
786 1416 1417 1633 1632
787 1415 1416 1632 1631
788 1414 1415 1631 1630
789 1413 1414 1630 1629
790 1412 1413 1629 1628
791 1411 1412 1628 1627
792 1410 1411 1627 1626
793 1409 1410 1626 1625
794 1408 1409 1625 1624
795 1407 1408 1624 1623
796 1406 1407 1623 1622
797 1405 1406 1622 1483
798 1453 1454 1621 1620
799 1281 1453 1620 1280
800 1269 1270 1619 1618
801 1268 1269 1618 1617
802 1267 1268 1617 1616
803 1266 1267 1616 1615
804 1265 1266 1615 1614
805 1264 1265 1614 1613
806 1263 1264 1613 1612
807 1262 1263 1612 1611
808 1261 1262 1611 1589
809 1592 1261 1589 1563
810 1500 1501 1610 1609
811 1499 1500 1609 1608
812 1498 1499 1608 1607
813 1497 1498 1607 1606
814 1496 1497 1606 1605
815 1495 1496 1605 1604
816 1494 1495 1604 1603
817 1493 1494 1603 1602
818 1492 1493 1602 1601
819 1491 1492 1601 1600
820 1490 1491 1600 1599
821 1489 1490 1599 1598
822 1488 1489 1598 1597
823 1487 1488 1597 1596
824 1486 1487 1596 1595
825 1485 1486 1595 1594
826 1484 1485 1594 1593
827 1452 1484 1593 1451
828 1502 1507 1728 1729
829 1507 1508 1534 1728
830 1533 1564 1592 1563
831 1569 1547 1590 1591
832 1547 1548 1570 1590
833 1562 1563 1589 1588
834 1562 1588 1587 1586
835 1561 1562 1586 1585
836 1560 1561 1585 1584
837 1559 1560 1584 1583
838 1558 1559 1583 1582
839 1557 1558 1582 1581
840 1556 1557 1581 1580
841 1555 1556 1580 1579
842 1554 1555 1579 1578
843 1553 1554 1578 1577
844 1553 1577 1576 1575
845 1552 1553 1575 1574
846 1551 1552 1574 1573
847 1550 1551 1573 1572
848 1549 1550 1572 1571
849 1548 1549 1571 1570
850 1546 1547 1569 1568
851 1545 1546 1568 1567
852 1544 1545 1567 1543
853 1537 1511 1565 1566
854 1511 1512 1538 1565
855 1533 1259 1260 1564
856 1533 1563 1562 1561
857 1532 1533 1561 1560
858 1531 1532 1560 1559
859 1530 1531 1559 1558
860 1529 1530 1558 1557
861 1528 1529 1557 1556
862 1527 1528 1556 1555
863 1526 1527 1555 1554
864 1526 1554 1553 1552
865 1525 1526 1552 1551
866 1524 1525 1551 1550
867 1523 1524 1550 1549
868 1522 1523 1549 1548
869 1521 1522 1548 1547
870 1520 1521 1547 1546
871 1519 1520 1546 1545
872 1518 1519 1545 1544
873 1517 1518 1544 1543
874 1516 1517 1543 1542
875 1515 1516 1542 1541
876 1514 1515 1541 1540
877 1513 1514 1540 1539
878 1512 1513 1539 1538
879 1510 1511 1537 1536
880 1509 1510 1536 1535
881 1508 1509 1535 1534
882 1506 1507 1502 1503
883 1505 1506 1503 1504
884 1258 1259 1533 1532
885 1257 1258 1532 1531
886 1256 1257 1531 1530
887 1255 1256 1530 1529
888 1254 1255 1529 1528
889 1253 1254 1528 1527
890 1253 1527 1526 1525
891 1252 1253 1525 1524
892 1251 1252 1524 1523
893 1250 1251 1523 1522
894 1249 1250 1522 1521
895 1248 1249 1521 1520
896 1247 1248 1520 1519
897 1404 1247 1519 1518
898 1403 1404 1518 1517
899 1402 1403 1517 1516
900 1401 1402 1516 1515
901 1400 1401 1515 1514
902 1399 1400 1514 1513
903 1398 1399 1513 1512
904 1397 1398 1512 1511
905 1396 1397 1511 1510
906 1395 1396 1510 1509
907 1394 1395 1509 1508
908 1393 1394 1508 1507
909 1392 1393 1507 1506
910 1391 1392 1506 1505
911 1390 1391 1505 1504
912 1388 1389 1390 1504
913 1387 1388 1504 1503
914 1386 1387 1503 1502
915 1384 1385 1501 1500
916 1383 1384 1500 1499
917 1382 1383 1499 1498
918 1381 1382 1498 1497
919 1380 1381 1497 1496
920 1379 1380 1496 1495
921 1378 1379 1495 1494
922 1377 1378 1494 1493
923 1376 1377 1493 1492
924 1375 1376 1492 1491
925 1374 1375 1491 1490
926 1373 1374 1490 1489
927 1372 1373 1489 1488
928 1371 1372 1488 1487
929 1370 1371 1487 1486
930 1369 1370 1486 1485
931 1368 1369 1485 1484
932 1367 1368 1484 1452
933 1315 1316 1405 1483
934 1314 1315 1483 1482
935 1313 1314 1482 1481
936 1312 1313 1481 1480
937 1311 1312 1480 1479
938 1310 1311 1479 1478
939 1309 1310 1478 1477
940 1308 1309 1477 1476
941 1307 1308 1476 1475
942 1306 1307 1475 1474
943 1305 1306 1474 1473
944 1304 1305 1473 1472
945 1303 1304 1472 1471
946 1302 1303 1471 1470
947 1301 1302 1470 1469
948 1300 1301 1469 1468
949 1299 1300 1468 1467
950 1298 1299 1467 1466
951 1297 1298 1466 1465
952 1296 1297 1465 1464
953 1295 1296 1464 1463
954 1294 1295 1463 1462
955 1293 1294 1462 1461
956 1292 1293 1461 1460
957 1291 1292 1460 1459
958 1290 1291 1459 1458
959 1289 1290 1458 1457
960 1288 1289 1457 1456
961 1287 1288 1456 1455
962 1286 1287 1455 1454
963 1285 1286 1454 1453
964 1282 1285 1453 1281
965 1365 1366 1367 1452
966 1364 1365 1452 1451
967 1363 1364 1451 1450
968 1362 1363 1450 1449
969 1361 1362 1449 1448
970 1360 1361 1448 1447
971 1359 1360 1447 1446
972 1358 1359 1446 1445
973 1357 1358 1445 1444
974 1356 1357 1444 1443
975 1355 1356 1443 1442
976 1354 1355 1442 1441
977 1353 1354 1441 1440
978 1352 1353 1440 1439
979 1351 1352 1439 1438
980 1350 1351 1438 1437
981 1349 1350 1437 1436
982 1348 1349 1436 1435
983 1347 1348 1435 1434
984 1346 1347 1434 1433
985 1345 1346 1433 1432
986 1344 1345 1432 1431
987 1343 1344 1431 1430
988 1342 1343 1430 1429
989 1341 1342 1429 1428
990 1340 1341 1428 1427
991 1339 1340 1427 1426
992 1338 1339 1426 1425
993 1337 1338 1425 1424
994 1336 1337 1424 1423
995 1335 1336 1423 1422
996 1334 1335 1422 1421
997 1333 1334 1421 1420
998 1332 1333 1420 1419
999 1331 1332 1419 1418
1000 1330 1331 1418 1417
1001 1329 1330 1417 1416
1002 1328 1329 1416 1415
1003 1327 1328 1415 1414
1004 1326 1327 1414 1413
1005 1325 1326 1413 1412
1006 1324 1325 1412 1411
1007 1323 1324 1411 1410
1008 1322 1323 1410 1409
1009 1321 1322 1409 1408
1010 1320 1321 1408 1407
1011 1319 1320 1407 1406
1012 1318 1319 1406 1405
1013 1317 1318 1405 1316
1014 1188 1189 1247 1404
1015 1187 1188 1404 1403
1016 1186 1187 1403 1402
1017 1185 1186 1402 1401
1018 1184 1185 1401 1400
1019 1183 1184 1400 1399
1020 1182 1183 1399 1398
1021 1181 1182 1398 1397
1022 1180 1181 1397 1396
1023 1179 1180 1396 1395
1024 1178 1179 1395 1394
1025 1177 1178 1394 1393
1026 1176 1177 1393 1392
1027 1175 1176 1392 1391
1028 1174 1175 1391 1390
1029 1173 1174 1390 1389
1030 1171 1172 1173 1389
1031 1170 1171 1389 1388
1032 1169 1170 1388 1387
1033 1168 1169 1387 1386
1034 1167 1168 1386 1385
1035 1166 1167 1385 1384
1036 1165 1166 1384 1383
1037 1164 1165 1383 1382
1038 1163 1164 1382 1381
1039 1162 1163 1381 1380
1040 1161 1162 1380 1379
1041 1160 1161 1379 1378
1042 1159 1160 1378 1377
1043 1158 1159 1377 1376
1044 1157 1158 1376 1375
1045 1156 1157 1375 1374
1046 1155 1156 1374 1373
1047 1154 1155 1373 1372
1048 1153 1154 1372 1371
1049 1152 1153 1371 1370
1050 1151 1152 1370 1369
1051 1150 1151 1369 1368
1052 1149 1150 1368 1367
1053 1148 1149 1367 1366
1054 1146 1147 1148 1366
1055 1145 1146 1366 1365
1056 1144 1145 1365 1364
1057 1143 1144 1364 1363
1058 1142 1143 1363 1362
1059 1141 1142 1362 1361
1060 1140 1141 1361 1360
1061 1139 1140 1360 1359
1062 1138 1139 1359 1358
1063 1137 1138 1358 1357
1064 1136 1137 1357 1356
1065 1135 1136 1356 1355
1066 1134 1135 1355 1354
1067 1133 1134 1354 1353
1068 1132 1133 1353 1352
1069 1131 1132 1352 1351
1070 1130 1131 1351 1350
1071 1129 1130 1350 1349
1072 1128 1129 1349 1348
1073 1127 1128 1348 1347
1074 1126 1127 1347 1346
1075 1125 1126 1346 1345
1076 1124 1125 1345 1344
1077 1123 1124 1344 1343
1078 1122 1123 1343 1342
1079 1121 1122 1342 1341
1080 1120 1121 1341 1340
1081 1119 1120 1340 1339
1082 1118 1119 1339 1338
1083 1117 1118 1338 1337
1084 1116 1117 1337 1336
1085 1115 1116 1336 1335
1086 1114 1115 1335 1334
1087 1113 1114 1334 1333
1088 1112 1113 1333 1332
1089 1111 1112 1332 1331
1090 1110 1111 1331 1330
1091 1109 1110 1330 1329
1092 1108 1109 1329 1328
1093 1107 1108 1328 1327
1094 1106 1107 1327 1326
1095 1105 1106 1326 1325
1096 1104 1105 1325 1324
1097 1103 1104 1324 1323
1098 1102 1103 1323 1322
1099 1101 1102 1322 1321
1100 1100 1101 1321 1320
1101 1099 1100 1320 1319
1102 1098 1099 1319 1318
1103 1097 1098 1318 1317
1104 1078 1079 1097 1317
1105 1077 1078 1317 1316
1106 1076 1077 1316 1315
1107 1075 1076 1315 1314
1108 1074 1075 1314 1313
1109 1073 1074 1313 1312
1110 1072 1073 1312 1311
1111 1071 1072 1311 1310
1112 1070 1071 1310 1309
1113 1069 1070 1309 1308
1114 1068 1069 1308 1307
1115 1067 1068 1307 1306
1116 1066 1067 1306 1305
1117 1065 1066 1305 1304
1118 1064 1065 1304 1303
1119 1063 1064 1303 1302
1120 1062 1063 1302 1301
1121 1061 1062 1301 1300
1122 1060 1061 1300 1299
1123 1059 1060 1299 1298
1124 1058 1059 1298 1297
1125 1057 1058 1297 1296
1126 1056 1057 1296 1295
1127 1055 1056 1295 1294
1128 1054 1055 1294 1293
1129 1053 1054 1293 1292
1130 1052 1053 1292 1291
1131 1051 1052 1291 1290
1132 1050 1051 1290 1289
1133 1049 1050 1289 1288
1134 1048 1049 1288 1287
1135 1047 1048 1287 1286
1136 1046 1047 1286 1285
1137 1045 1046 1285 1282
1138 1030 1031 1246 1096
1139 1033 1034 1035 1043
1140 1043 1284 1032 1033
1141 1245 1032 1284 1283
1142 1243 1244 1282 1281
1143 1242 1243 1281 1280
1144 1241 1242 1280 1620
1145 1240 1241 1620 1621
1146 1239 1240 1621 1279
1147 1239 1279 1278 1277
1148 1238 1239 1277 1276
1149 1237 1238 1276 1275
1150 1236 1237 1275 1274
1151 1235 1236 1274 1273
1152 1234 1235 1273 1272
1153 1233 1234 1272 1271
1154 1232 1233 1271 1270
1155 1231 1232 1270 1269
1156 1230 1231 1269 1268
1157 1229 1230 1268 1267
1158 1228 1229 1267 1266
1159 1227 1228 1266 1265
1160 1226 1227 1265 1264
1161 1225 1226 1264 1263
1162 1224 1225 1263 1262
1163 1223 1224 1262 1261
1164 1222 1223 1261 1592
1165 1221 1222 1592 1564
1166 1220 1221 1564 1260
1167 1219 1220 1260 1259
1168 1218 1219 1259 1258
1169 1217 1218 1258 1257
1170 1216 1217 1257 1256
1171 1215 1216 1256 1255
1172 1214 1215 1255 1254
1173 1214 1254 1253 1252
1174 1213 1214 1252 1251
1175 1212 1213 1251 1250
1176 1211 1212 1250 1249
1177 1210 1211 1249 1248
1178 1209 1210 1248 1247
1179 1190 1209 1247 1189
1180 1096 1246 1245 1244
1181 1095 1096 1244 1243
1182 1094 1095 1243 1242
1183 1093 1094 1242 1241
1184 1092 1093 1241 1240
1185 1092 1240 1239 1238
1186 1091 1092 1238 1237
1187 1090 1091 1237 1236
1188 1089 1090 1236 1235
1189 1088 1089 1235 1234
1190 1087 1088 1234 1086
1191 1085 1086 1234 1233
1192 1084 1085 1233 1232
1193 1083 1084 1232 1231
1194 1082 1083 1231 1230
1195 1081 1082 1230 1229
1196 1080 1081 1229 1228
1197 1208 1080 1228 1227
1198 1207 1208 1227 1226
1199 1206 1207 1226 1225
1200 1205 1206 1225 1224
1201 1204 1205 1224 1223
1202 1203 1204 1223 1222
1203 1202 1203 1222 1221
1204 1201 1202 1221 1220
1205 1200 1201 1220 1219
1206 1199 1200 1219 1218
1207 1198 1199 1218 1217
1208 1197 1198 1217 1216
1209 1196 1197 1216 1215
1210 1196 1215 1214 1213
1211 1195 1196 1213 1212
1212 1194 1195 1212 1211
1213 1193 1194 1211 1210
1214 1192 1193 1210 1209
1215 1191 1192 1209 1190
1216 1015 1016 1080 1208
1217 1014 1015 1208 1207
1218 1013 1014 1207 1206
1219 1012 1013 1206 1205
1220 1011 1012 1205 1204
1221 1010 1011 1204 1203
1222 1009 1010 1203 1202
1223 1008 1009 1202 1201
1224 1007 1008 1201 1200
1225 1006 1007 1200 1199
1226 1005 1006 1199 1198
1227 1004 1005 1198 1197
1228 1004 1197 1196 1195
1229 1003 1004 1195 1194
1230 1002 1003 1194 1193
1231 1001 1002 1193 1192
1232 1000 1001 1192 1191
1233 999 1000 1191 1190
1234 998 999 1190 1189
1235 997 998 1189 1188
1236 996 997 1188 1187
1237 995 996 1187 1186
1238 994 995 1186 1185
1239 993 994 1185 1184
1240 992 993 1184 1183
1241 991 992 1183 1182
1242 990 991 1182 1181
1243 989 990 1181 1180
1244 988 989 1180 1179
1245 987 988 1179 1178
1246 986 987 1178 1177
1247 985 986 1177 1176
1248 1042 985 1176 1175
1249 1041 1042 1175 1174
1250 1040 1041 1174 1173
1251 1039 1040 1173 1172
1252 984 1038 1039 1172
1253 983 984 1172 1171
1254 982 983 1171 1170
1255 981 982 1170 1169
1256 980 981 1169 1168
1257 979 980 1168 1167
1258 978 979 1167 1166
1259 977 978 1166 1165
1260 976 977 1165 1164
1261 975 976 1164 1163
1262 974 975 1163 1162
1263 973 974 1162 1161
1264 972 973 1161 1160
1265 971 972 1160 1159
1266 970 971 1159 1158
1267 969 970 1158 1157
1268 968 969 1157 1156
1269 967 968 1156 1155
1270 966 967 1155 1154
1271 965 966 1154 1153
1272 964 965 1153 1152
1273 963 964 1152 1151
1274 962 963 1151 1150
1275 961 962 1150 1149
1276 960 961 1149 1148
1277 959 960 1148 1147
1278 957 958 959 1147
1279 956 957 1147 1146
1280 955 956 1146 1145
1281 954 955 1145 1144
1282 953 954 1144 1143
1283 952 953 1143 1142
1284 951 952 1142 1141
1285 950 951 1141 1140
1286 949 950 1140 1139
1287 948 949 1139 1138
1288 947 948 1138 1137
1289 946 947 1137 1136
1290 945 946 1136 1135
1291 944 945 1135 1134
1292 943 944 1134 1133
1293 942 943 1133 1132
1294 941 942 1132 1131
1295 940 941 1131 1130
1296 939 940 1130 1129
1297 938 939 1129 1128
1298 937 938 1128 1127
1299 936 937 1127 1126
1300 935 936 1126 1125
1301 934 935 1125 1124
1302 933 934 1124 1123
1303 932 933 1123 1122
1304 931 932 1122 1121
1305 930 931 1121 1120
1306 929 930 1120 1119
1307 928 929 1119 1118
1308 927 928 1118 1117
1309 926 927 1117 1116
1310 925 926 1116 1115
1311 924 925 1115 1114
1312 923 924 1114 1113
1313 922 923 1113 1112
1314 921 922 1112 1111
1315 920 921 1111 1110
1316 919 920 1110 1109
1317 918 919 1109 1108
1318 917 918 1108 1107
1319 916 917 1107 1106
1320 915 916 1106 1105
1321 914 915 1105 1104
1322 913 914 1104 1103
1323 912 913 1103 1102
1324 911 912 1102 1101
1325 910 911 1101 1100
1326 909 910 1100 1099
1327 908 909 1099 1098
1328 907 908 1098 1097
1329 906 907 1097 1079
1330 1029 1030 1096 1095
1331 1036 1029 1095 1094
1332 1037 1036 1094 1093
1333 1037 1093 1092 1091
1334 1028 1037 1091 1090
1335 1027 1028 1090 1089
1336 1026 1027 1089 1088
1337 1025 1026 1088 1087
1338 1024 1025 1087 1086
1339 1023 1024 1086 1085
1340 1022 1023 1085 1084
1341 1021 1022 1084 1083
1342 1020 1021 1083 1082
1343 1019 1020 1082 1081
1344 1018 1019 1081 1080
1345 1017 1018 1080 1016
1346 904 905 906 1079
1347 903 904 1079 1078
1348 902 903 1078 1077
1349 901 902 1077 1076
1350 900 901 1076 1075
1351 899 900 1075 1074
1352 898 899 1074 1073
1353 897 898 1073 1072
1354 896 897 1072 1071
1355 895 896 1071 1070
1356 894 895 1070 1069
1357 893 894 1069 1068
1358 892 893 1068 1067
1359 891 892 1067 1066
1360 890 891 1066 1065
1361 889 890 1065 1064
1362 888 889 1064 1063
1363 887 888 1063 1062
1364 886 887 1062 1061
1365 885 886 1061 1060
1366 884 885 1060 1059
1367 883 884 1059 1058
1368 882 883 1058 1057
1369 881 882 1057 1056
1370 880 881 1056 1055
1371 879 880 1055 1054
1372 878 879 1054 1053
1373 877 878 1053 1052
1374 876 877 1052 1051
1375 875 876 1051 1050
1376 874 875 1050 1049
1377 873 874 1049 1048
1378 872 873 1048 1047
1379 871 872 1047 1046
1380 870 871 1046 1045
1381 869 870 1045 1044
1382 868 869 1044 1283
1383 867 868 1283 1284
1384 866 867 1284 1043
1385 865 866 1043 1035
1386 828 829 985 1042
1387 827 828 1042 1041
1388 826 827 1041 1040
1389 825 826 1040 1039
1390 824 825 1039 1038
1391 823 824 1038 984
1392 1028 804 1036 1037
1393 804 805 1029 1036
1394 809 810 865 1035
1395 808 809 1035 1034
1396 811 808 1034 1033
1397 812 811 1033 1032
1398 812 1032 1245 1246
1399 807 812 1246 1031
1400 806 807 1031 1030
1401 805 806 1030 1029
1402 803 804 1028 1027
1403 802 803 1027 1026
1404 801 802 1026 1025
1405 800 801 1025 1024
1406 799 800 1024 1023
1407 659 799 1023 1022
1408 658 659 1022 1021
1409 864 658 1021 1020
1410 863 864 1020 1019
1411 862 863 1019 1018
1412 861 862 1018 1017
1413 860 861 1017 1016
1414 859 860 1016 1015
1415 858 859 1015 1014
1416 857 858 1014 1013
1417 856 857 1013 1012
1418 855 856 1012 1011
1419 854 855 1011 1010
1420 853 854 1010 1009
1421 852 853 1009 1008
1422 851 852 1008 1007
1423 850 851 1007 1006
1424 849 850 1006 1005
1425 849 1005 1004 1003
1426 848 849 1003 1002
1427 847 848 1002 1001
1428 846 847 1001 1000
1429 845 846 1000 999
1430 844 845 999 998
1431 843 844 998 997
1432 842 843 997 996
1433 841 842 996 995
1434 840 841 995 994
1435 839 840 994 993
1436 838 839 993 992
1437 837 838 992 991
1438 836 837 991 990
1439 835 836 990 989
1440 834 835 989 988
1441 833 834 988 987
1442 832 833 987 986
1443 831 832 986 985
1444 830 831 985 829
1445 797 798 823 984
1446 796 797 984 983
1447 795 796 983 982
1448 794 795 982 981
1449 793 794 981 980
1450 792 793 980 979
1451 791 792 979 978
1452 790 791 978 977
1453 789 790 977 976
1454 788 789 976 975
1455 787 788 975 974
1456 786 787 974 973
1457 785 786 973 972
1458 784 785 972 971
1459 783 784 971 970
1460 782 783 970 969
1461 781 782 969 968
1462 780 781 968 967
1463 779 780 967 966
1464 778 779 966 965
1465 777 778 965 964
1466 776 777 964 963
1467 775 776 963 962
1468 774 775 962 961
1469 773 774 961 960
1470 772 773 960 959
1471 771 772 959 958
1472 728 729 771 958
1473 727 728 958 957
1474 726 727 957 956
1475 725 726 956 955
1476 724 725 955 954
1477 723 724 954 953
1478 722 723 953 952
1479 721 722 952 951
1480 720 721 951 950
1481 719 720 950 949
1482 718 719 949 948
1483 717 718 948 947
1484 716 717 947 946
1485 715 716 946 945
1486 714 715 945 944
1487 713 714 944 943
1488 712 713 943 942
1489 711 712 942 941
1490 710 711 941 940
1491 709 710 940 939
1492 708 709 939 938
1493 707 708 938 937
1494 706 707 937 936
1495 705 706 936 935
1496 704 705 935 934
1497 703 704 934 933
1498 702 703 933 932
1499 701 702 932 931
1500 700 701 931 930
1501 699 700 930 929
1502 698 699 929 928
1503 697 698 928 927
1504 696 697 927 926
1505 695 696 926 925
1506 694 695 925 924
1507 693 694 924 923
1508 692 693 923 922
1509 691 692 922 921
1510 690 691 921 920
1511 689 690 920 919
1512 688 689 919 918
1513 687 688 918 917
1514 686 687 917 916
1515 685 686 916 915
1516 684 685 915 914
1517 683 684 914 913
1518 682 683 913 912
1519 681 682 912 911
1520 680 681 911 910
1521 679 680 910 909
1522 678 679 909 908
1523 677 678 908 907
1524 676 677 907 906
1525 675 676 906 905
1526 770 674 675 905
1527 769 770 905 904
1528 768 769 904 903
1529 767 768 903 902
1530 766 767 902 901
1531 765 766 901 900
1532 764 765 900 899
1533 763 764 899 898
1534 762 763 898 897
1535 761 762 897 896
1536 760 761 896 895
1537 759 760 895 894
1538 758 759 894 893
1539 757 758 893 892
1540 756 757 892 891
1541 755 756 891 890
1542 754 755 890 889
1543 753 754 889 888
1544 752 753 888 887
1545 751 752 887 886
1546 750 751 886 885
1547 749 750 885 884
1548 748 749 884 883
1549 747 748 883 882
1550 746 747 882 881
1551 745 746 881 880
1552 744 745 880 879
1553 743 744 879 878
1554 742 743 878 877
1555 741 742 877 876
1556 740 741 876 875
1557 739 740 875 874
1558 738 739 874 873
1559 737 738 873 872
1560 736 737 872 871
1561 735 736 871 870
1562 734 735 870 869
1563 733 734 869 868
1564 732 733 868 867
1565 731 732 867 866
1566 730 731 866 865
1567 673 730 865 810
1568 822 657 658 864
1569 821 822 864 863
1570 820 821 863 862
1571 819 820 862 861
1572 818 819 861 860
1573 817 818 860 859
1574 816 817 859 858
1575 815 816 858 857
1576 814 815 857 856
1577 813 814 856 855
1578 632 813 855 854
1579 631 632 854 853
1580 630 631 853 852
1581 642 630 852 851
1582 643 642 851 850
1583 643 850 849 848
1584 629 643 848 847
1585 628 629 847 846
1586 627 628 846 845
1587 626 627 845 844
1588 625 626 844 843
1589 624 625 843 842
1590 623 624 842 841
1591 622 623 841 840
1592 621 622 840 839
1593 620 621 839 838
1594 619 620 838 837
1595 618 619 837 836
1596 617 618 836 835
1597 616 617 835 834
1598 615 616 834 833
1599 614 615 833 832
1600 613 614 832 831
1601 612 613 831 830
1602 611 612 830 829
1603 610 611 829 828
1604 609 610 828 827
1605 608 609 827 826
1606 607 608 826 825
1607 606 607 825 824
1608 605 606 824 823
1609 604 605 823 798
1610 655 656 657 822
1611 654 655 822 821
1612 653 654 821 820
1613 652 653 820 819
1614 651 652 819 818
1615 650 651 818 817
1616 649 650 817 816
1617 648 649 816 815
1618 647 648 815 814
1619 646 647 814 813
1620 633 646 813 632
1621 807 669 811 812
1622 669 670 808 811
1623 671 672 810 809
1624 670 671 809 808
1625 668 669 807 806
1626 667 668 806 805
1627 666 667 805 804
1628 665 666 804 803
1629 664 665 803 802
1630 663 664 802 801
1631 662 663 801 800
1632 661 662 800 799
1633 660 661 799 659
1634 602 603 604 798
1635 601 602 798 797
1636 600 601 797 796
1637 599 600 796 795
1638 598 599 795 794
1639 597 598 794 793
1640 596 597 793 792
1641 595 596 792 791
1642 594 595 791 790
1643 593 594 790 789
1644 592 593 789 788
1645 591 592 788 787
1646 590 591 787 786
1647 589 590 786 785
1648 588 589 785 784
1649 587 588 784 783
1650 586 587 783 782
1651 585 586 782 781
1652 584 585 781 780
1653 583 584 780 779
1654 582 583 779 778
1655 581 582 778 777
1656 580 581 777 776
1657 579 580 776 775
1658 578 579 775 774
1659 577 578 774 773
1660 576 577 773 772
1661 575 576 772 771
1662 574 575 771 729
1663 572 573 674 770
1664 571 572 770 769
1665 570 571 769 768
1666 569 570 768 767
1667 568 569 767 766
1668 567 568 766 765
1669 566 567 765 764
1670 565 566 764 763
1671 564 565 763 762
1672 563 564 762 761
1673 562 563 761 760
1674 561 562 760 759
1675 560 561 759 758
1676 559 560 758 757
1677 558 559 757 756
1678 557 558 756 755
1679 556 557 755 754
1680 555 556 754 753
1681 554 555 753 752
1682 553 554 752 751
1683 552 553 751 750
1684 551 552 750 749
1685 550 551 749 748
1686 549 550 748 747
1687 548 549 747 746
1688 547 548 746 745
1689 546 547 745 744
1690 545 546 744 743
1691 544 545 743 742
1692 543 544 742 741
1693 542 543 741 740
1694 541 542 740 739
1695 540 541 739 738
1696 539 540 738 737
1697 538 539 737 736
1698 537 538 736 735
1699 536 537 735 734
1700 535 536 734 733
1701 534 535 733 732
1702 533 534 732 731
1703 532 533 731 730
1704 531 532 730 673
1705 529 530 574 729
1706 528 529 729 728
1707 527 528 728 727
1708 526 527 727 726
1709 525 526 726 725
1710 524 525 725 724
1711 523 524 724 723
1712 522 523 723 722
1713 521 522 722 721
1714 520 521 721 720
1715 519 520 720 719
1716 518 519 719 718
1717 517 518 718 717
1718 516 517 717 716
1719 515 516 716 715
1720 514 515 715 714
1721 513 514 714 713
1722 512 513 713 712
1723 511 512 712 711
1724 510 511 711 710
1725 509 510 710 709
1726 508 509 709 708
1727 507 508 708 707
1728 506 507 707 706
1729 505 506 706 705
1730 504 505 705 704
1731 503 504 704 703
1732 502 503 703 702
1733 501 502 702 701
1734 500 501 701 700
1735 499 500 700 699
1736 498 499 699 698
1737 497 498 698 697
1738 496 497 697 696
1739 495 496 696 695
1740 494 495 695 694
1741 493 494 694 693
1742 492 493 693 692
1743 491 492 692 691
1744 490 491 691 690
1745 489 490 690 689
1746 488 489 689 688
1747 487 488 688 687
1748 486 487 687 686
1749 485 486 686 685
1750 484 485 685 684
1751 483 484 684 683
1752 482 483 683 682
1753 481 482 682 681
1754 480 481 681 680
1755 479 480 680 679
1756 478 479 679 678
1757 477 478 678 677
1758 476 477 677 676
1759 475 476 676 675
1760 474 475 675 674
1761 473 474 674 573
1762 471 472 531 673
1763 470 471 673 810
1764 469 470 810 672
1765 467 468 469 672
1766 466 467 672 671
1767 465 466 671 670
1768 464 465 670 669
1769 463 464 669 668
1770 462 463 668 667
1771 461 462 667 666
1772 460 461 666 665
1773 459 460 665 664
1774 458 459 664 663
1775 457 458 663 662
1776 456 457 662 661
1777 644 456 661 660
1778 645 644 660 659
1779 645 659 658 657
1780 455 645 657 656
1781 454 455 656 655
1782 453 454 655 654
1783 452 453 654 653
1784 641 452 653 652
1785 640 641 652 651
1786 639 640 651 650
1787 638 639 650 649
1788 637 638 649 648
1789 636 637 648 647
1790 635 636 647 646
1791 634 635 646 633
1792 455 257 644 645
1793 257 258 456 644
1794 629 439 642 643
1795 439 440 630 642
1796 450 451 641 640
1797 449 450 640 639
1798 448 449 639 638
1799 447 448 638 637
1800 446 447 637 636
1801 445 446 636 635
1802 444 445 635 634
1803 443 444 634 633
1804 442 443 633 632
1805 441 442 632 631
1806 440 441 631 630
1807 438 439 629 628
1808 437 438 628 627
1809 436 437 627 626
1810 435 436 626 625
1811 434 435 625 624
1812 433 434 624 623
1813 432 433 623 622
1814 431 432 622 621
1815 430 431 621 620
1816 429 430 620 619
1817 428 429 619 618
1818 427 428 618 617
1819 426 427 617 616
1820 425 426 616 615
1821 424 425 615 614
1822 423 424 614 613
1823 422 423 613 612
1824 421 422 612 611
1825 420 421 611 610
1826 419 420 610 609
1827 418 419 609 608
1828 417 418 608 607
1829 416 417 607 606
1830 415 416 606 605
1831 414 415 605 604
1832 413 414 604 603
1833 411 412 413 603
1834 410 411 603 602
1835 409 410 602 601
1836 408 409 601 600
1837 407 408 600 599
1838 406 407 599 598
1839 405 406 598 597
1840 404 405 597 596
1841 403 404 596 595
1842 402 403 595 594
1843 401 402 594 593
1844 400 401 593 592
1845 399 400 592 591
1846 398 399 591 590
1847 397 398 590 589
1848 396 397 589 588
1849 395 396 588 587
1850 394 395 587 586
1851 393 394 586 585
1852 392 393 585 584
1853 391 392 584 583
1854 390 391 583 582
1855 389 390 582 581
1856 388 389 581 580
1857 387 388 580 579
1858 386 387 579 578
1859 385 386 578 577
1860 384 385 577 576
1861 383 384 576 575
1862 382 383 575 574
1863 381 382 574 530
1864 379 380 473 573
1865 378 379 573 572
1866 377 378 572 571
1867 376 377 571 570
1868 375 376 570 569
1869 374 375 569 568
1870 373 374 568 567
1871 372 373 567 566
1872 371 372 566 565
1873 370 371 565 564
1874 369 370 564 563
1875 368 369 563 562
1876 367 368 562 561
1877 366 367 561 560
1878 365 366 560 559
1879 364 365 559 558
1880 363 364 558 557
1881 362 363 557 556
1882 361 362 556 555
1883 360 361 555 554
1884 359 360 554 553
1885 358 359 553 552
1886 357 358 552 551
1887 356 357 551 550
1888 355 356 550 549
1889 354 355 549 548
1890 353 354 548 547
1891 352 353 547 546
1892 351 352 546 545
1893 350 351 545 544
1894 349 350 544 543
1895 348 349 543 542
1896 347 348 542 541
1897 346 347 541 540
1898 345 346 540 539
1899 344 345 539 538
1900 343 344 538 537
1901 342 343 537 536
1902 341 342 536 535
1903 340 341 535 534
1904 339 340 534 533
1905 338 339 533 532
1906 337 338 532 531
1907 336 337 531 472
1908 334 335 381 530
1909 333 334 530 529
1910 332 333 529 528
1911 331 332 528 527
1912 330 331 527 526
1913 329 330 526 525
1914 328 329 525 524
1915 327 328 524 523
1916 326 327 523 522
1917 325 326 522 521
1918 324 325 521 520
1919 323 324 520 519
1920 322 323 519 518
1921 321 322 518 517
1922 320 321 517 516
1923 319 320 516 515
1924 318 319 515 514
1925 317 318 514 513
1926 316 317 513 512
1927 315 316 512 511
1928 314 315 511 510
1929 313 314 510 509
1930 312 313 509 508
1931 311 312 508 507
1932 310 311 507 506
1933 309 310 506 505
1934 308 309 505 504
1935 307 308 504 503
1936 306 307 503 502
1937 305 306 502 501
1938 304 305 501 500
1939 303 304 500 499
1940 302 303 499 498
1941 301 302 498 497
1942 300 301 497 496
1943 299 300 496 495
1944 298 299 495 494
1945 297 298 494 493
1946 296 297 493 492
1947 295 296 492 491
1948 294 295 491 490
1949 293 294 490 489
1950 292 293 489 488
1951 291 292 488 487
1952 290 291 487 486
1953 289 290 486 485
1954 288 289 485 484
1955 287 288 484 483
1956 286 287 483 482
1957 285 286 482 481
1958 284 285 481 480
1959 283 284 480 479
1960 282 283 479 478
1961 281 282 478 477
1962 280 281 477 476
1963 279 280 476 475
1964 278 279 475 474
1965 277 278 474 473
1966 276 277 473 380
1967 274 275 336 472
1968 273 274 472 471
1969 272 273 471 470
1970 271 272 470 469
1971 270 271 469 468
1972 269 270 468 467
1973 268 269 467 466
1974 267 268 466 465
1975 266 267 465 464
1976 265 266 464 463
1977 264 265 463 462
1978 263 264 462 461
1979 262 263 461 460
1980 261 262 460 459
1981 260 261 459 458
1982 259 260 458 457
1983 258 259 457 456
1984 256 257 455 454
1985 255 256 454 453
1986 254 255 453 452
1987 253 254 452 641
1988 252 253 641 451
1989 250 251 252 451
1990 249 250 451 450
1991 248 249 450 449
1992 247 248 449 448
1993 246 247 448 447
1994 245 246 447 446
1995 244 245 446 445
1996 243 244 445 444
1997 242 243 444 443
1998 241 242 443 442
1999 240 241 442 441
2000 239 240 441 440
2001 238 239 440 439
2002 237 238 439 438
2003 236 237 438 437
2004 235 236 437 436
2005 234 235 436 435
2006 233 234 435 434
2007 232 233 434 433
2008 231 232 433 432
2009 230 231 432 431
2010 229 230 431 430
2011 228 229 430 429
2012 227 228 429 428
2013 226 227 428 427
2014 225 226 427 426
2015 224 225 426 425
2016 223 224 425 424
2017 222 223 424 423
2018 221 222 423 422
2019 220 221 422 421
2020 219 220 421 420
2021 218 219 420 419
2022 217 218 419 418
2023 216 217 418 417
2024 215 216 417 416
2025 214 215 416 415
2026 213 214 415 414
2027 212 213 414 413
2028 211 212 413 412
2029 167 166 211 412
2030 168 167 412 411
2031 169 168 411 410
2032 170 169 410 409
2033 171 170 409 408
2034 172 171 408 407
2035 173 172 407 406
2036 174 173 406 405
2037 175 174 405 404
2038 176 175 404 403
2039 177 176 403 402
2040 178 177 402 401
2041 179 178 401 400
2042 180 179 400 399
2043 181 180 399 398
2044 182 181 398 397
2045 183 182 397 396
2046 184 183 396 395
2047 185 184 395 394
2048 186 185 394 393
2049 187 186 393 392
2050 188 187 392 391
2051 189 188 391 390
2052 190 189 390 389
2053 191 190 389 388
2054 192 191 388 387
2055 193 192 387 386
2056 194 193 386 385
2057 195 194 385 384
2058 196 195 384 383
2059 197 196 383 382
2060 198 197 382 381
2061 199 198 381 335
2062 102 103 276 380
2063 101 102 380 379
2064 100 101 379 378
2065 99 100 378 377
2066 98 99 377 376
2067 97 98 376 375
2068 96 97 375 374
2069 95 96 374 373
2070 94 95 373 372
2071 93 94 372 371
2072 92 93 371 370
2073 91 92 370 369
2074 90 91 369 368
2075 89 90 368 367
2076 88 89 367 366
2077 87 88 366 365
2078 86 87 365 364
2079 85 86 364 363
2080 84 85 363 362
2081 83 84 362 361
2082 82 83 361 360
2083 81 82 360 359
2084 80 81 359 358
2085 79 80 358 357
2086 78 79 357 356
2087 77 78 356 355
2088 76 77 355 354
2089 75 76 354 353
2090 74 75 353 352
2091 73 74 352 351
2092 72 73 351 350
2093 71 72 350 349
2094 70 71 349 348
2095 69 70 348 347
2096 68 69 347 346
2097 67 68 346 345
2098 66 67 345 344
2099 65 66 344 343
2100 64 65 343 342
2101 63 64 342 341
2102 62 63 341 340
2103 61 62 340 339
2104 60 61 339 338
2105 59 60 338 337
2106 58 59 337 336
2107 57 58 336 275
2108 164 104 199 335
2109 163 164 335 334
2110 162 163 334 333
2111 161 162 333 332
2112 160 161 332 331
2113 159 160 331 330
2114 158 159 330 329
2115 157 158 329 328
2116 156 157 328 327
2117 155 156 327 326
2118 154 155 326 325
2119 153 154 325 324
2120 152 153 324 323
2121 151 152 323 322
2122 150 151 322 321
2123 149 150 321 320
2124 148 149 320 319
2125 147 148 319 318
2126 146 147 318 317
2127 145 146 317 316
2128 144 145 316 315
2129 143 144 315 314
2130 142 143 314 313
2131 141 142 313 312
2132 140 141 312 311
2133 139 140 311 310
2134 138 139 310 309
2135 137 138 309 308
2136 136 137 308 307
2137 135 136 307 306
2138 134 135 306 305
2139 133 134 305 304
2140 132 133 304 303
2141 131 132 303 302
2142 130 131 302 301
2143 129 130 301 300
2144 128 129 300 299
2145 127 128 299 298
2146 126 127 298 297
2147 125 126 297 296
2148 124 125 296 295
2149 123 124 295 294
2150 122 123 294 293
2151 121 122 293 292
2152 120 121 292 291
2153 119 120 291 290
2154 118 119 290 289
2155 117 118 289 288
2156 116 117 288 287
2157 115 116 287 286
2158 114 115 286 285
2159 113 114 285 284
2160 112 113 284 283
2161 111 112 283 282
2162 110 111 282 281
2163 109 110 281 280
2164 108 109 280 279
2165 107 108 279 278
2166 106 107 278 277
2167 105 106 277 276
2168 56 105 276 103
2169 51 50 57 275
2170 52 51 275 274
2171 53 52 274 273
2172 54 53 273 272
2173 55 54 272 271
2174 43 55 271 270
2175 49 43 270 269
2176 48 49 269 268
2177 47 48 268 267
2178 46 47 267 266
2179 45 46 266 265
2180 44 45 265 264
2181 31 44 264 263
2182 42 31 263 262
2183 41 42 262 261
2184 40 41 261 260
2185 39 40 260 259
2186 38 39 259 258
2187 37 38 258 257
2188 36 37 257 256
2189 35 36 256 255
2190 34 35 255 254
2191 33 34 254 253
2192 32 33 253 252
2193 23 32 252 251
2194 30 23 251 250
2195 29 30 250 249
2196 28 29 249 248
2197 27 28 248 247
2198 26 27 247 246
2199 25 26 246 245
2200 24 25 245 244
2201 22 24 244 243
2202 17 22 243 242
2203 18 17 242 241
2204 19 18 241 240
2205 20 19 240 239
2206 21 20 239 238
2207 1 21 238 237
2208 3 1 237 236
2209 4 3 236 235
2210 5 4 235 234
2211 6 5 234 233
2212 7 6 233 232
2213 8 7 232 231
2214 9 8 231 230
2215 10 9 230 229
2216 11 10 229 228
2217 12 11 228 227
2218 13 12 227 226
2219 14 13 226 225
2220 15 14 225 224
2221 16 15 224 223
2222 2 16 223 222
2223 200 2 222 221
2224 201 200 221 220
2225 202 201 220 219
2226 203 202 219 218
2227 204 203 218 217
2228 205 204 217 216
2229 206 205 216 215
2230 207 206 215 214
2231 208 207 214 213
2232 209 208 213 212
2233 210 209 212 211
2234 165 210 211 166
134100 2436 2361 2346 2435
134160 2437 2360 2361 2436
134220 2438 2359 2360 2437
134280 2439 2358 2359 2438
134340 2440 2357 2358 2439
134400 2441 2356 2357 2440
134460 2442 2355 2356 2441
134520 2443 2354 2355 2442
134580 2444 2353 2354 2443
134640 2445 2352 2353 2444
134700 2446 2351 2352 2445
134760 2406 2341 2351 2446
134820 2341 2406 2407 2434
134880 2434 2407 2408 2433
134940 2433 2408 2409 2432
135000 2432 2409 2410 2431
135060 2431 2410 2411 2430
135120 2430 2411 2412 2429
135180 2429 2412 2413 2428
135240 2428 2413 2414 2427
135300 2427 2414 2415 2426
135360 2426 2415 2416 2425
135420 2425 2416 2417 2424
135480 2424 2417 2418 2423
135540 2423 2418 2419 2422
135600 2422 2419 2420 2421
135660 2421 2420 22 17
136369 2341 2342 2362 2351
136370 2351 2362 2366 2352
136371 2352 2366 2370 2353
136372 2353 2370 2374 2354
136373 2354 2374 2378 2355
136374 2355 2378 2382 2356
136375 2356 2382 2386 2357
136376 2357 2386 2390 2358
136377 2358 2390 2394 2359
136378 2359 2394 2398 2360
136379 2360 2398 2402 2361
136380 2361 2402 2347 2346
137089 2342 2343 2363 2362
137090 2362 2363 2367 2366
137091 2366 2367 2371 2370
137092 2370 2371 2375 2374
137093 2374 2375 2379 2378
137094 2378 2379 2383 2382
137095 2382 2383 2387 2386
137096 2386 2387 2391 2390
137097 2390 2391 2395 2394
137098 2394 2395 2399 2398
137099 2398 2399 2403 2402
137100 2402 2403 2348 2347
137809 2343 2344 2364 2363
137810 2363 2364 2368 2367
137811 2367 2368 2372 2371
137812 2371 2372 2376 2375
137813 2375 2376 2380 2379
137814 2379 2380 2384 2383
137815 2383 2384 2388 2387
137816 2387 2388 2392 2391
137817 2391 2392 2396 2395
137818 2395 2396 2400 2399
137819 2399 2400 2404 2403
137820 2403 2404 2349 2348
138529 2344 2345 2365 2364
138530 2364 2365 2369 2368
138531 2368 2369 2373 2372
138532 2372 2373 2377 2376
138533 2376 2377 2381 2380
138534 2380 2381 2385 2384
138535 2384 2385 2389 2388
138536 2388 2389 2393 2392
138537 2392 2393 2397 2396
138538 2396 2397 2401 2400
138539 2400 2401 2405 2404
138540 2404 2405 2350 2349
139249 2345 2 200 2365
139250 2365 200 201 2369
139251 2369 201 202 2373
139252 2373 202 203 2377
139253 2377 203 204 2381
139254 2381 204 205 2385
139255 2385 205 206 2389
139256 2389 206 207 2393
139257 2393 207 208 2397
139258 2397 208 209 2401
139259 2401 209 210 2405
139260 2405 210 165 2350
139556 3 2499 21 1
139557 2499 2500 20 21
139558 2500 2501 19 20
139559 2501 2502 18 19
139560 2502 2421 17 18
139856 4 2495 2499 3
139857 2495 2496 2500 2499
139858 2496 2497 2501 2500
139859 2497 2498 2502 2501
139860 2498 2422 2421 2502
140156 5 2491 2495 4
140157 2491 2492 2496 2495
140158 2492 2493 2497 2496
140159 2493 2494 2498 2497
140160 2494 2423 2422 2498
140456 6 2487 2491 5
140457 2487 2488 2492 2491
140458 2488 2489 2493 2492
140459 2489 2490 2494 2493
140460 2490 2424 2423 2494
140756 7 2483 2487 6
140757 2483 2484 2488 2487
140758 2484 2485 2489 2488
140759 2485 2486 2490 2489
140760 2486 2425 2424 2490
141056 8 2479 2483 7
141057 2479 2480 2484 2483
141058 2480 2481 2485 2484
141059 2481 2482 2486 2485
141060 2482 2426 2425 2486
141356 9 2475 2479 8
141357 2475 2476 2480 2479
141358 2476 2477 2481 2480
141359 2477 2478 2482 2481
141360 2478 2427 2426 2482
141656 10 2471 2475 9
141657 2471 2472 2476 2475
141658 2472 2473 2477 2476
141659 2473 2474 2478 2477
141660 2474 2428 2427 2478
141956 11 2467 2471 10
141957 2467 2468 2472 2471
141958 2468 2469 2473 2472
141959 2469 2470 2474 2473
141960 2470 2429 2428 2474
142256 12 2463 2467 11
142257 2463 2464 2468 2467
142258 2464 2465 2469 2468
142259 2465 2466 2470 2469
142260 2466 2430 2429 2470
142556 13 2459 2463 12
142557 2459 2460 2464 2463
142558 2460 2461 2465 2464
142559 2461 2462 2466 2465
142560 2462 2431 2430 2466
142856 14 2455 2459 13
142857 2455 2456 2460 2459
142858 2456 2457 2461 2460
142859 2457 2458 2462 2461
142860 2458 2432 2431 2462
143156 15 2451 2455 14
143157 2451 2452 2456 2455
143158 2452 2453 2457 2456
143159 2453 2454 2458 2457
143160 2454 2433 2432 2458
143456 16 2447 2451 15
143457 2447 2448 2452 2451
143458 2448 2449 2453 2452
143459 2449 2450 2454 2453
143460 2450 2434 2433 2454
143756 2 2345 2447 16
143757 2345 2344 2448 2447
143758 2344 2343 2449 2448
143759 2343 2342 2450 2449
143760 2342 2341 2434 2450
