      2396
131807 142842 142877 142844 142843
131808 142856 142878 142858 142857
131809 142543 142902 142679 142544
131810 142605 142899 142902 142543
131811 142899 142728 142727 142902
131812 142902 142727 142726 142679
131813 142901 142263 142379 142502
131814 142900 142264 142263 142901
131815 142380 142265 142264 142900
131816 142897 142901 142502 142562
131817 142564 142900 142901 142897
131818 142437 142380 142900 142564
131819 142800 142862 142802 142801
131820 142863 142862 142861 142884
131821 142877 142842 142841 142878
131822 142879 142878 142841 142840
131823 142879 142860 142846 142859
131824 142840 142839 142860 142879
131825 142880 142893 142849 142848
131826 142891 142893 142880 142892
131827 142703 142899 142605 142606
131828 142728 142899 142703 142729
131829 142560 142898 142746 142696
131830 142695 142898 142560 142559
131831 142774 142898 142695 142799
131832 142746 142898 142774 142747
131833 142564 142897 142745 142563
131834 142696 142745 142897 142562
131835 142628 142594 142677 142629
131836 142595 142594 142628 142627
131837 142441 142440 142567 142442
131838 142440 142439 142565 142567
131839 142501 142500 142499 142561
131840 142067 142176 142158 142896
131841 141952 142896 142158 142069
131842 141951 142067 142896 141952
131843 141610 141810 141850 141611
131844 141596 141810 141610 141609
131845 142894 142889 142888 142895
131846 142888 142887 142886 142895
131847 142886 142885 142894 142895
131848 142881 142882 142894 142885
131849 142882 142890 142889 142894
131850 142882 142893 142891 142890
131851 142850 142849 142893 142882
131852 142876 142875 142892 142880
131853 142875 142874 142891 142892
131854 142874 142873 142890 142891
131855 142873 142872 142889 142890
131856 142872 142871 142888 142889
131857 142871 142870 142887 142888
131858 142869 142868 142887 142870
131859 142868 142867 142886 142887
131860 142867 142866 142885 142886
131861 142866 142865 142881 142885
131862 142865 142864 142883 142881
131863 142864 142863 142884 142883
131864 142854 142853 142884 142861
131865 142853 142852 142883 142884
131866 142852 142851 142881 142883
131867 142851 142850 142882 142881
131868 142848 142847 142876 142880
131869 142879 142859 142858 142878
131870 142856 142855 142877 142878
131871 142855 142845 142844 142877
131872 142819 142818 142876 142847
131873 142818 142817 142875 142876
131874 142817 142816 142874 142875
131875 142816 142815 142873 142874
131876 142815 142814 142872 142873
131877 142814 142813 142871 142872
131878 142813 142812 142870 142871
131879 142812 142811 142869 142870
131880 142810 142809 142869 142811
131881 142809 142808 142868 142869
131882 142808 142807 142867 142868
131883 142807 142806 142866 142867
131884 142806 142805 142865 142866
131885 142805 142804 142864 142865
131886 142804 142803 142863 142864
131887 142803 142802 142862 142863
131888 142800 142798 142861 142862
131889 142798 142799 142854 142861
131890 142702 142701 142860 142839
131891 142701 142700 142846 142860
131892 142838 142837 142859 142846
131893 142837 142836 142858 142859
131894 142836 142835 142857 142858
131895 142835 142834 142856 142857
131896 142834 142833 142855 142856
131897 142833 142832 142845 142855
131898 142695 142694 142854 142799
131899 142694 142693 142853 142854
131900 142693 142692 142852 142853
131901 142692 142691 142851 142852
131902 142691 142690 142850 142851
131903 142690 142689 142849 142850
131904 142689 142688 142848 142849
131905 142688 142687 142847 142848
131906 142687 142686 142819 142847
131907 142686 142684 142820 142819
131908 142700 142699 142838 142846
131909 142828 142827 142845 142832
131910 142827 142826 142844 142845
131911 142826 142825 142843 142844
131912 142825 142824 142842 142843
131913 142824 142823 142841 142842
131914 142823 142822 142840 142841
131915 142822 142821 142839 142840
131916 142821 142704 142702 142839
131917 142698 142772 142838 142699
131918 142772 142771 142837 142838
131919 142771 142770 142836 142837
131920 142770 142768 142835 142836
131921 142768 142769 142834 142835
131922 142769 142831 142833 142834
131923 142831 142830 142832 142833
131924 142830 142829 142828 142832
131925 142764 142763 142831 142769
131926 142763 142762 142830 142831
131927 142762 142761 142829 142830
131928 142740 142739 142829 142761
131929 142739 142738 142828 142829
131930 142738 142737 142827 142828
131931 142737 142736 142826 142827
131932 142736 142735 142825 142826
131933 142735 142734 142824 142825
131934 142734 142733 142823 142824
131935 142733 142732 142822 142823
131936 142732 142731 142821 142822
131937 142731 142730 142704 142821
131938 142730 142729 142703 142704
131939 142726 142725 142678 142679
131940 142685 142797 142820 142684
131941 142797 142796 142819 142820
131942 142796 142795 142818 142819
131943 142795 142794 142817 142818
131944 142794 142793 142816 142817
131945 142793 142792 142815 142816
131946 142792 142791 142814 142815
131947 142791 142790 142813 142814
131948 142790 142789 142812 142813
131949 142789 142788 142811 142812
131950 142788 142787 142810 142811
131951 142725 142724 142680 142678
131952 142724 142723 142681 142680
131953 142722 142721 142681 142723
131954 142786 142785 142810 142787
131955 142785 142784 142809 142810
131956 142784 142783 142808 142809
131957 142783 142782 142807 142808
131958 142782 142781 142806 142807
131959 142781 142780 142805 142806
131960 142780 142779 142804 142805
131961 142779 142778 142803 142804
131962 142778 142777 142802 142803
131963 142777 142776 142801 142802
131964 142776 142775 142800 142801
131965 142775 142773 142798 142800
131966 142773 142774 142799 142798
131967 142721 142720 142682 142681
131968 142720 142719 142683 142682
131969 142719 142718 142685 142683
131970 142718 142717 142797 142685
131971 142717 142716 142796 142797
131972 142716 142715 142795 142796
131973 142715 142714 142794 142795
131974 142714 142713 142793 142794
131975 142713 142712 142792 142793
131976 142712 142711 142791 142792
131977 142711 142710 142790 142791
131978 142710 142709 142789 142790
131979 142709 142708 142788 142789
131980 142708 142707 142787 142788
131981 142707 142706 142786 142787
131982 142705 142760 142786 142706
131983 142760 142759 142785 142786
131984 142759 142758 142784 142785
131985 142758 142757 142783 142784
131986 142757 142756 142782 142783
131987 142756 142755 142781 142782
131988 142755 142754 142780 142781
131989 142754 142753 142779 142780
131990 142753 142752 142778 142779
131991 142752 142751 142777 142778
131992 142751 142750 142776 142777
131993 142750 142749 142775 142776
131994 142749 142748 142773 142775
131995 142748 142747 142774 142773
131996 142697 142744 142772 142698
131997 142744 142742 142771 142772
131998 142742 142743 142770 142771
131999 142743 142767 142768 142770
132000 142768 142767 142764 142769
132001 142767 142766 142765 142764
132002 142743 142741 142766 142767
132003 142677 142676 142766 142741
132004 142676 142675 142765 142766
132005 142675 142674 142764 142765
132006 142674 142673 142763 142764
132007 142673 142672 142762 142763
132008 142672 142671 142761 142762
132009 142671 142670 142740 142761
132010 142624 142623 142760 142705
132011 142623 142622 142759 142760
132012 142622 142621 142758 142759
132013 142621 142620 142757 142758
132014 142620 142619 142756 142757
132015 142619 142618 142755 142756
132016 142618 142617 142754 142755
132017 142617 142616 142753 142754
132018 142616 142615 142752 142753
132019 142615 142614 142751 142752
132020 142614 142613 142750 142751
132021 142613 142612 142749 142750
132022 142612 142611 142748 142749
132023 142611 142610 142747 142748
132024 142610 142609 142746 142747
132025 142609 142608 142696 142746
132026 142608 142607 142745 142696
132027 142607 142565 142563 142745
132028 142632 142630 142744 142697
132029 142630 142631 142742 142744
132030 142742 142631 142741 142743
132031 142631 142629 142677 142741
132032 142669 142668 142740 142670
132033 142668 142667 142739 142740
132034 142667 142666 142738 142739
132035 142666 142665 142737 142738
132036 142665 142664 142736 142737
132037 142664 142663 142735 142736
132038 142663 142662 142734 142735
132039 142662 142661 142733 142734
132040 142661 142660 142732 142733
132041 142660 142659 142731 142732
132042 142659 142658 142730 142731
132043 142658 142657 142729 142730
132044 142657 142656 142728 142729
132045 142656 142655 142727 142728
132046 142655 142654 142726 142727
132047 142654 142653 142725 142726
132048 142653 142652 142724 142725
132049 142652 142651 142723 142724
132050 142651 142650 142722 142723
132051 142650 142649 142721 142722
132052 142649 142648 142720 142721
132053 142648 142647 142719 142720
132054 142647 142646 142718 142719
132055 142646 142645 142717 142718
132056 142645 142644 142716 142717
132057 142644 142643 142715 142716
132058 142643 142642 142714 142715
132059 142642 142641 142713 142714
132060 142641 142640 142712 142713
132061 142640 142639 142711 142712
132062 142639 142638 142710 142711
132063 142638 142637 142709 142710
132064 142637 142636 142708 142709
132065 142636 142635 142707 142708
132066 142635 142634 142706 142707
132067 142634 142633 142705 142706
132068 142633 142625 142624 142705
132069 142703 142606 142702 142704
132070 142606 142604 142701 142702
132071 142604 142603 142700 142701
132072 142603 142602 142699 142700
132073 142602 142601 142698 142699
132074 142601 142600 142697 142698
132075 142599 142598 142697 142600
132076 142598 142597 142632 142697
132077 142561 142560 142696 142562
132078 142559 142558 142694 142695
132079 142558 142557 142693 142694
132080 142557 142556 142692 142693
132081 142556 142555 142691 142692
132082 142555 142554 142690 142691
132083 142554 142553 142689 142690
132084 142553 142552 142688 142689
132085 142552 142551 142687 142688
132086 142551 142549 142686 142687
132087 142549 142550 142684 142686
132088 142684 142550 142683 142685
132089 142550 142548 142682 142683
132090 142548 142547 142681 142682
132091 142547 142546 142680 142681
132092 142546 142545 142678 142680
132093 142545 142544 142679 142678
132094 142596 142595 142627 142626
132095 142594 142593 142676 142677
132096 142593 142592 142675 142676
132097 142592 142591 142674 142675
132098 142591 142590 142673 142674
132099 142590 142589 142672 142673
132100 142589 142588 142671 142672
132101 142588 142587 142670 142671
132102 142587 142586 142669 142670
132103 142542 142541 142669 142586
132104 142541 142540 142668 142669
132105 142540 142539 142667 142668
132106 142539 142538 142666 142667
132107 142538 142537 142665 142666
132108 142537 142536 142664 142665
132109 142536 142535 142663 142664
132110 142535 142534 142662 142663
132111 142534 142533 142661 142662
132112 142533 142532 142660 142661
132113 142532 142531 142659 142660
132114 142531 142530 142658 142659
132115 142530 142529 142657 142658
132116 142529 142528 142656 142657
132117 142528 142527 142655 142656
132118 142527 142526 142654 142655
132119 142526 142525 142653 142654
132120 142525 142524 142652 142653
132121 142524 142523 142651 142652
132122 142523 142522 142650 142651
132123 142522 142521 142649 142650
132124 142521 142520 142648 142649
132125 142520 142519 142647 142648
132126 142519 142518 142646 142647
132127 142518 142517 142645 142646
132128 142517 142516 142644 142645
132129 142516 142515 142643 142644
132130 142515 142514 142642 142643
132131 142514 142513 142641 142642
132132 142513 142512 142640 142641
132133 142512 142511 142639 142640
132134 142511 142510 142638 142639
132135 142510 142509 142637 142638
132136 142509 142508 142636 142637
132137 142508 142507 142635 142636
132138 142507 142506 142634 142635
132139 142506 142505 142633 142634
132140 142505 142504 142625 142633
132141 142471 142469 142632 142597
132142 142469 142470 142630 142632
132143 142630 142470 142629 142631
132144 142470 142468 142628 142629
132145 142468 142467 142627 142628
132146 142467 142466 142626 142627
132147 142466 142465 142596 142626
132148 142503 142585 142625 142504
132149 142585 142584 142624 142625
132150 142584 142583 142623 142624
132151 142583 142582 142622 142623
132152 142582 142581 142621 142622
132153 142581 142580 142620 142621
132154 142580 142579 142619 142620
132155 142579 142578 142618 142619
132156 142578 142577 142617 142618
132157 142577 142576 142616 142617
132158 142576 142575 142615 142616
132159 142575 142574 142614 142615
132160 142574 142573 142613 142614
132161 142573 142572 142612 142613
132162 142572 142571 142611 142612
132163 142571 142570 142610 142611
132164 142570 142569 142609 142610
132165 142569 142568 142608 142609
132166 142568 142566 142607 142608
132167 142566 142567 142565 142607
132168 142480 142481 142605 142543
132169 142605 142481 142604 142606
132170 142481 142479 142603 142604
132171 142479 142478 142602 142603
132172 142478 142477 142601 142602
132173 142477 142476 142600 142601
132174 142476 142475 142599 142600
132175 142475 142474 142598 142599
132176 142474 142473 142597 142598
132177 142473 142472 142471 142597
132178 142394 142393 142596 142465
132179 142393 142392 142595 142596
132180 142392 142391 142594 142595
132181 142391 142390 142593 142594
132182 142390 142389 142592 142593
132183 142389 142388 142591 142592
132184 142388 142387 142590 142591
132185 142387 142386 142589 142590
132186 142386 142385 142588 142589
132187 142385 142384 142587 142588
132188 142384 142383 142586 142587
132189 142383 142382 142542 142586
132190 142462 142461 142585 142503
132191 142461 142460 142584 142585
132192 142460 142459 142583 142584
132193 142459 142458 142582 142583
132194 142458 142457 142581 142582
132195 142457 142456 142580 142581
132196 142456 142455 142579 142580
132197 142455 142454 142578 142579
132198 142454 142453 142577 142578
132199 142453 142452 142576 142577
132200 142452 142451 142575 142576
132201 142451 142450 142574 142575
132202 142450 142449 142573 142574
132203 142449 142448 142572 142573
132204 142448 142447 142571 142572
132205 142447 142446 142570 142571
132206 142446 142445 142569 142570
132207 142445 142444 142568 142569
132208 142444 142443 142566 142568
132209 142443 142442 142567 142566
132210 142439 142438 142563 142565
132211 142438 142437 142564 142563
132212 142502 142501 142561 142562
132213 142499 142498 142560 142561
132214 142498 142497 142559 142560
132215 142497 142496 142558 142559
132216 142496 142495 142557 142558
132217 142495 142494 142556 142557
132218 142494 142493 142555 142556
132219 142493 142492 142554 142555
132220 142492 142491 142553 142554
132221 142491 142490 142552 142553
132222 142490 142488 142551 142552
132223 142488 142489 142549 142551
132224 142549 142489 142548 142550
132225 142489 142487 142547 142548
132226 142487 142486 142546 142547
132227 142486 142485 142545 142546
132228 142485 142484 142544 142545
132229 142484 142483 142543 142544
132230 142483 142482 142480 142543
132231 142381 142436 142542 142382
132232 142436 142435 142541 142542
132233 142435 142434 142540 142541
132234 142434 142433 142539 142540
132235 142433 142432 142538 142539
132236 142432 142431 142537 142538
132237 142431 142430 142536 142537
132238 142430 142429 142535 142536
132239 142429 142428 142534 142535
132240 142428 142427 142533 142534
132241 142427 142426 142532 142533
132242 142426 142425 142531 142532
132243 142425 142424 142530 142531
132244 142424 142423 142529 142530
132245 142423 142422 142528 142529
132246 142422 142421 142527 142528
132247 142421 142420 142526 142527
132248 142420 142419 142525 142526
132249 142419 142418 142524 142525
132250 142418 142417 142523 142524
132251 142417 142416 142522 142523
132252 142416 142415 142521 142522
132253 142415 142414 142520 142521
132254 142414 142413 142519 142520
132255 142413 142412 142518 142519
132256 142412 142411 142517 142518
132257 142411 142410 142516 142517
132258 142410 142409 142515 142516
132259 142409 142408 142514 142515
132260 142408 142407 142513 142514
132261 142407 142406 142512 142513
132262 142406 142405 142511 142512
132263 142405 142404 142510 142511
132264 142404 142403 142509 142510
132265 142403 142402 142508 142509
132266 142402 142401 142507 142508
132267 142401 142400 142506 142507
132268 142400 142399 142505 142506
132269 142399 142398 142504 142505
132270 142398 142397 142503 142504
132271 142397 142396 142462 142503
132272 142379 142378 142501 142502
132273 142378 142377 142500 142501
132274 142377 142376 142499 142500
132275 142376 142153 142498 142499
132276 142153 142151 142497 142498
132277 142151 142150 142496 142497
132278 142150 142149 142495 142496
132279 142149 142148 142494 142495
132280 142148 142147 142493 142494
132281 142147 142146 142492 142493
132282 142146 142145 142491 142492
132283 142145 142144 142490 142491
132284 142144 142143 142488 142490
132285 142143 142141 142142 142488
132286 142488 142142 142487 142489
132287 142142 142140 142486 142487
132288 142140 142139 142485 142486
132289 142139 142138 142484 142485
132290 142138 142137 142483 142484
132291 142137 142135 142482 142483
132292 142136 142155 142482 142135
132293 142155 142156 142480 142482
132294 142480 142156 142479 142481
132295 142156 142134 142478 142479
132296 142134 142133 142477 142478
132297 142133 142132 142476 142477
132298 142132 142370 142475 142476
132299 142370 142369 142474 142475
132300 142369 142368 142473 142474
132301 142368 142367 142472 142473
132302 142366 142365 142472 142367
132303 142365 142363 142471 142472
132304 142363 142364 142469 142471
132305 142469 142364 142468 142470
132306 142364 142362 142467 142468
132307 142360 142464 142362 142361
132308 142362 142464 142466 142467
132309 142464 142463 142465 142466
132310 142463 142395 142394 142465
132311 142360 142359 142463 142464
132312 142359 142358 142395 142463
132313 142357 142356 142462 142396
132314 142356 142355 142461 142462
132315 142355 142354 142460 142461
132316 142354 142353 142459 142460
132317 142353 142352 142458 142459
132318 142352 142351 142457 142458
132319 142351 142350 142456 142457
132320 142350 142349 142455 142456
132321 142349 142348 142454 142455
132322 142348 142347 142453 142454
132323 142347 142346 142452 142453
132324 142346 142345 142451 142452
132325 142345 142344 142450 142451
132326 142344 142343 142449 142450
132327 142343 142342 142448 142449
132328 142342 142341 142447 142448
132329 142341 142340 142446 142447
132330 142340 142339 142445 142446
132331 142339 142338 142444 142445
132332 142338 142337 142443 142444
132333 142337 142336 142442 142443
132334 142336 142335 142441 142442
132335 142335 142375 142440 142441
132336 142375 142374 142439 142440
132337 142374 142373 142438 142439
132338 142373 142372 142437 142438
132339 142372 142371 142380 142437
132340 142334 142333 142436 142381
132341 142333 142332 142435 142436
132342 142332 142331 142434 142435
132343 142331 142330 142433 142434
132344 142330 142329 142432 142433
132345 142329 142328 142431 142432
132346 142328 142327 142430 142431
132347 142327 142326 142429 142430
132348 142326 142325 142428 142429
132349 142325 142324 142427 142428
132350 142324 142323 142426 142427
132351 142323 142322 142425 142426
132352 142322 142321 142424 142425
132353 142321 142320 142423 142424
132354 142320 142319 142422 142423
132355 142319 142318 142421 142422
132356 142318 142317 142420 142421
132357 142317 142316 142419 142420
132358 142316 142315 142418 142419
132359 142315 142314 142417 142418
132360 142314 142313 142416 142417
132361 142313 142312 142415 142416
132362 142312 142311 142414 142415
132363 142311 142310 142413 142414
132364 142310 142309 142412 142413
132365 142309 142308 142411 142412
132366 142308 142307 142410 142411
132367 142307 142306 142409 142410
132368 142306 142305 142408 142409
132369 142305 142304 142407 142408
132370 142304 142303 142406 142407
132371 142303 142302 142405 142406
132372 142302 142301 142404 142405
132373 142301 142300 142403 142404
132374 142300 142299 142402 142403
132375 142299 142298 142401 142402
132376 142298 142297 142400 142401
132377 142297 142296 142399 142400
132378 142296 142295 142398 142399
132379 142295 142294 142397 142398
132380 142294 142293 142396 142397
132381 142293 142292 142357 142396
132382 142291 142290 142395 142358
132383 142290 142289 142394 142395
132384 142289 142288 142393 142394
132385 142288 142287 142392 142393
132386 142287 142286 142391 142392
132387 142286 142285 142390 142391
132388 142285 142284 142389 142390
132389 142284 142283 142388 142389
132390 142283 142282 142387 142388
132391 142282 142281 142386 142387
132392 142281 142280 142385 142386
132393 142280 142279 142384 142385
132394 142279 142278 142383 142384
132395 142278 142277 142382 142383
132396 142277 142276 142381 142382
132397 142276 142275 142334 142381
132398 142266 142265 142380 142371
132399 142262 142261 142379 142263
132400 142261 142260 142378 142379
132401 142260 142259 142377 142378
132402 142259 142258 142376 142377
132403 142258 142152 142153 142376
132404 142274 142273 142375 142335
132405 142273 142272 142374 142375
132406 142272 142271 142373 142374
132407 142271 142270 142372 142373
132408 142270 142269 142371 142372
132409 142269 142268 142266 142371
132410 142109 142108 142370 142132
132411 142108 142107 142369 142370
132412 142107 142106 142368 142369
132413 142106 142104 142367 142368
132414 142104 142105 142366 142367
132415 142105 142130 142365 142366
132416 142130 142131 142363 142365
132417 142363 142131 142362 142364
132418 142131 142103 142361 142362
132419 142103 142102 142360 142361
132420 142102 142100 142359 142360
132421 142100 142101 142358 142359
132422 142101 142157 142291 142358
132423 142257 142256 142357 142292
132424 142256 142255 142356 142357
132425 142255 142254 142355 142356
132426 142254 142253 142354 142355
132427 142253 142252 142353 142354
132428 142252 142251 142352 142353
132429 142251 142250 142351 142352
132430 142250 142249 142350 142351
132431 142249 142248 142349 142350
132432 142248 142247 142348 142349
132433 142247 142246 142347 142348
132434 142246 142245 142346 142347
132435 142245 142244 142345 142346
132436 142244 142243 142344 142345
132437 142243 142242 142343 142344
132438 142242 142241 142342 142343
132439 142241 142240 142341 142342
132440 142240 142239 142340 142341
132441 142239 142238 142339 142340
132442 142238 142237 142338 142339
132443 142237 142236 142337 142338
132444 142236 142235 142336 142337
132445 142235 142233 142335 142336
132446 142233 142234 142274 142335
132447 142230 142229 142334 142275
132448 142229 142228 142333 142334
132449 142228 142227 142332 142333
132450 142227 142226 142331 142332
132451 142226 142225 142330 142331
132452 142225 142224 142329 142330
132453 142224 142223 142328 142329
132454 142223 142222 142327 142328
132455 142222 142221 142326 142327
132456 142221 142220 142325 142326
132457 142220 142219 142324 142325
132458 142219 142218 142323 142324
132459 142218 142217 142322 142323
132460 142217 142216 142321 142322
132461 142216 142215 142320 142321
132462 142215 142214 142319 142320
132463 142214 142213 142318 142319
132464 142213 142212 142317 142318
132465 142212 142211 142316 142317
132466 142211 142210 142315 142316
132467 142210 142209 142314 142315
132468 142209 142208 142313 142314
132469 142208 142207 142312 142313
132470 142207 142206 142311 142312
132471 142206 142205 142310 142311
132472 142205 142204 142309 142310
132473 142204 142203 142308 142309
132474 142203 142202 142307 142308
132475 142202 142201 142306 142307
132476 142201 142200 142305 142306
132477 142200 142199 142304 142305
132478 142199 142198 142303 142304
132479 142198 142197 142302 142303
132480 142197 142196 142301 142302
132481 142196 142195 142300 142301
132482 142195 142194 142299 142300
132483 142194 142193 142298 142299
132484 142193 142192 142297 142298
132485 142192 142191 142296 142297
132486 142191 142190 142295 142296
132487 142190 142189 142294 142295
132488 142189 142188 142293 142294
132489 142188 142187 142292 142293
132490 142187 142186 142257 142292
132491 142158 142176 142291 142157
132492 142176 142175 142290 142291
132493 142175 142174 142289 142290
132494 142174 142173 142288 142289
132495 142173 142172 142287 142288
132496 142172 142171 142286 142287
132497 142171 142170 142285 142286
132498 142170 142169 142284 142285
132499 142169 142168 142283 142284
132500 142168 142167 142282 142283
132501 142167 142166 142281 142282
132502 142166 142165 142280 142281
132503 142165 142164 142279 142280
132504 142164 142163 142278 142279
132505 142163 142162 142277 142278
132506 142162 142161 142276 142277
132507 142161 142160 142275 142276
132508 142160 142159 142230 142275
132509 142024 142023 142232 142234
132510 141844 141845 142232 142231
132511 142232 141845 142274 142234
132512 141845 141843 142273 142274
132513 141843 141842 142272 142273
132514 141842 141841 142271 142272
132515 141841 141840 142270 142271
132516 141840 141839 142269 142270
132517 141839 141838 142268 142269
132518 141838 141837 142267 142268
132519 141836 142185 142267 141837
132520 142267 142185 142266 142268
132521 142185 142184 142265 142266
132522 142184 142183 142264 142265
132523 142183 142182 142263 142264
132524 142182 142181 142262 142263
132525 142181 142180 142261 142262
132526 142180 142179 142260 142261
132527 142179 142178 142259 142260
132528 142178 142177 142258 142259
132529 142177 142154 142152 142258
132530 142049 142048 142257 142186
132531 142048 142047 142256 142257
132532 142047 142046 142255 142256
132533 142046 142045 142254 142255
132534 142045 142044 142253 142254
132535 142044 142043 142252 142253
132536 142043 142042 142251 142252
132537 142042 142041 142250 142251
132538 142041 142040 142249 142250
132539 142040 142039 142248 142249
132540 142039 142038 142247 142248
132541 142038 142037 142246 142247
132542 142037 142036 142245 142246
132543 142036 142035 142244 142245
132544 142035 142034 142243 142244
132545 142034 142033 142242 142243
132546 142033 142032 142241 142242
132547 142032 142031 142240 142241
132548 142031 142030 142239 142240
132549 142030 142029 142238 142239
132550 142029 142028 142237 142238
132551 142028 142027 142236 142237
132552 142027 142026 142235 142236
132553 142026 142025 142233 142235
132554 142025 142024 142234 142233
132555 142023 142022 142231 142232
132556 142022 142021 141844 142231
132557 142021 142020 141846 141844
132558 142017 142016 142230 142159
132559 142016 142015 142229 142230
132560 142015 142014 142228 142229
132561 142014 142013 142227 142228
132562 142013 142012 142226 142227
132563 142012 142011 142225 142226
132564 142011 142010 142224 142225
132565 142010 142009 142223 142224
132566 142009 142008 142222 142223
132567 142008 142007 142221 142222
132568 142007 142006 142220 142221
132569 142006 142005 142219 142220
132570 142005 142004 142218 142219
132571 142004 142003 142217 142218
132572 142003 142002 142216 142217
132573 142002 142001 142215 142216
132574 142001 142000 142214 142215
132575 142000 141999 142213 142214
132576 141999 141998 142212 142213
132577 141998 141997 142211 142212
132578 141997 141996 142210 142211
132579 141996 141995 142209 142210
132580 141995 141994 142208 142209
132581 141994 141993 142207 142208
132582 141993 141992 142206 142207
132583 141992 141991 142205 142206
132584 141991 141990 142204 142205
132585 141990 141989 142203 142204
132586 141989 141988 142202 142203
132587 141988 141987 142201 142202
132588 141987 141986 142200 142201
132589 141986 141985 142199 142200
132590 141985 141984 142198 142199
132591 141984 141983 142197 142198
132592 141983 141982 142196 142197
132593 141982 141981 142195 142196
132594 141981 141980 142194 142195
132595 141980 141979 142193 142194
132596 141979 141978 142192 142193
132597 141978 141977 142191 142192
132598 141977 141976 142190 142191
132599 141976 141975 142189 142190
132600 141975 141974 142188 142189
132601 141974 141973 142187 142188
132602 141973 141972 142186 142187
132603 141972 141971 142049 142186
132604 142020 142019 141847 141846
132605 142019 141849 141848 141847
132606 141836 141835 142184 142185
132607 141835 141834 142183 142184
132608 141834 141833 142182 142183
132609 141833 141832 142181 142182
132610 141832 141831 142180 142181
132611 141831 141830 142179 142180
132612 141830 141829 142178 142179
132613 141829 141828 142177 142178
132614 141828 141827 142154 142177
132615 141827 141826 142128 142154
132616 142067 142066 142175 142176
132617 142066 142065 142174 142175
132618 142065 142064 142173 142174
132619 142064 142063 142172 142173
132620 142063 142062 142171 142172
132621 142062 142061 142170 142171
132622 142061 142060 142169 142170
132623 142060 142059 142168 142169
132624 142059 142058 142167 142168
132625 142058 142057 142166 142167
132626 142057 142056 142165 142166
132627 142056 142055 142164 142165
132628 142055 142054 142163 142164
132629 142054 142053 142162 142163
132630 142053 142052 142161 142162
132631 142052 142051 142160 142161
132632 142051 142050 142159 142160
132633 142050 142018 142017 142159
132634 142073 142069 142158 142157
132635 142074 142073 142157 142101
132636 141825 142099 142128 141826
132637 142113 142134 142156 142155
132638 142114 142113 142155 142136
132639 142128 142129 142152 142154
132640 142152 142129 142151 142153
132641 142129 142127 142150 142151
132642 142127 142126 142149 142150
132643 142126 142125 142148 142149
132644 142125 142124 142147 142148
132645 142124 142123 142146 142147
132646 142123 142122 142145 142146
132647 142122 142121 142144 142145
132648 142121 142119 142143 142144
132649 142119 142120 142141 142143
132650 142141 142120 142140 142142
132651 142120 142118 142139 142140
132652 142118 142117 142138 142139
132653 142117 142116 142137 142138
132654 142116 142115 142135 142137
132655 142115 142114 142136 142135
132656 142113 142112 142133 142134
132657 142112 142111 142132 142133
132658 142111 142110 142109 142132
132659 142077 142103 142131 142130
132660 142078 142077 142130 142105
132661 141823 142099 141825 141824
132662 142128 142099 142127 142129
132663 142099 142098 142126 142127
132664 142098 142097 142125 142126
132665 142097 142096 142124 142125
132666 142096 142095 142123 142124
132667 142095 142094 142122 142123
132668 142094 142092 142121 142122
132669 142092 142093 142119 142121
132670 142119 142093 142118 142120
132671 142093 142091 142117 142118
132672 142091 142090 142116 142117
132673 142090 142089 142115 142116
132674 142089 142088 142114 142115
132675 142088 142087 142113 142114
132676 142087 142086 142112 142113
132677 142086 142085 142111 142112
132678 142085 142084 142110 142111
132679 142084 142083 142109 142110
132680 142083 142082 142108 142109
132681 142082 142081 142107 142108
132682 142081 142080 142106 142107
132683 142080 142079 142104 142106
132684 142079 142078 142105 142104
132685 142077 142076 142102 142103
132686 142076 142075 142100 142102
132687 142075 142074 142101 142100
132688 142073 142072 142068 142069
132689 142072 142071 142070 142068
132690 141823 141822 142098 142099
132691 141822 141821 142097 142098
132692 141821 141820 142096 142097
132693 141820 141819 142095 142096
132694 141819 141817 142094 142095
132695 141817 141818 142092 142094
132696 142092 141818 142091 142093
132697 141818 141816 142090 142091
132698 141816 141815 142089 142090
132699 141815 141814 142088 142089
132700 141814 141813 142087 142088
132701 141813 141812 142086 142087
132702 141812 141811 142085 142086
132703 141811 141970 142084 142085
132704 141970 141969 142083 142084
132705 141969 141968 142082 142083
132706 141968 141967 142081 142082
132707 141967 141966 142080 142081
132708 141966 141965 142079 142080
132709 141965 141964 142078 142079
132710 141964 141963 142077 142078
132711 141963 141962 142076 142077
132712 141962 141961 142075 142076
132713 141961 141960 142074 142075
132714 141960 141959 142073 142074
132715 141959 141958 142072 142073
132716 141958 141957 142071 142072
132717 141957 141956 142070 142071
132718 141955 141954 142070 141956
132719 141954 141953 142068 142070
132720 141953 141952 142069 142068
132721 141951 141950 142066 142067
132722 141950 141949 142065 142066
132723 141949 141948 142064 142065
132724 141948 141947 142063 142064
132725 141947 141946 142062 142063
132726 141946 141945 142061 142062
132727 141945 141944 142060 142061
132728 141944 141943 142059 142060
132729 141943 141942 142058 142059
132730 141942 141941 142057 142058
132731 141941 141940 142056 142057
132732 141940 141939 142055 142056
132733 141939 141938 142054 142055
132734 141938 141937 142053 142054
132735 141937 141936 142052 142053
132736 141936 141935 142051 142052
132737 141935 141934 142050 142051
132738 141934 141933 142018 142050
132739 141882 141881 142049 141971
132740 141881 141880 142048 142049
132741 141880 141879 142047 142048
132742 141879 141878 142046 142047
132743 141878 141877 142045 142046
132744 141877 141876 142044 142045
132745 141876 141875 142043 142044
132746 141875 141874 142042 142043
132747 141874 141873 142041 142042
132748 141873 141872 142040 142041
132749 141872 141871 142039 142040
132750 141871 141870 142038 142039
132751 141870 141869 142037 142038
132752 141869 141868 142036 142037
132753 141868 141867 142035 142036
132754 141867 141866 142034 142035
132755 141866 141865 142033 142034
132756 141865 141864 142032 142033
132757 141864 141863 142031 142032
132758 141863 141862 142030 142031
132759 141862 141861 142029 142030
132760 141861 141860 142028 142029
132761 141860 141859 142027 142028
132762 141859 141858 142026 142027
132763 141858 141857 142025 142026
132764 141857 141856 142024 142025
132765 141856 141855 142023 142024
132766 141855 141854 142022 142023
132767 141854 141853 142021 142022
132768 141853 141852 142020 142021
132769 141852 141851 142019 142020
132770 141851 141850 141849 142019
132771 141932 141931 142018 141933
132772 141931 141930 142017 142018
132773 141930 141929 142016 142017
132774 141929 141928 142015 142016
132775 141928 141927 142014 142015
132776 141927 141926 142013 142014
132777 141926 141925 142012 142013
132778 141925 141924 142011 142012
132779 141924 141923 142010 142011
132780 141923 141922 142009 142010
132781 141922 141921 142008 142009
132782 141921 141920 142007 142008
132783 141920 141919 142006 142007
132784 141919 141918 142005 142006
132785 141918 141917 142004 142005
132786 141917 141916 142003 142004
132787 141916 141915 142002 142003
132788 141915 141914 142001 142002
132789 141914 141913 142000 142001
132790 141913 141912 141999 142000
132791 141912 141911 141998 141999
132792 141911 141910 141997 141998
132793 141910 141909 141996 141997
132794 141909 141908 141995 141996
132795 141908 141907 141994 141995
132796 141907 141906 141993 141994
132797 141906 141905 141992 141993
132798 141905 141904 141991 141992
132799 141904 141903 141990 141991
132800 141903 141902 141989 141990
132801 141902 141901 141988 141989
132802 141901 141900 141987 141988
132803 141900 141899 141986 141987
132804 141899 141898 141985 141986
132805 141898 141897 141984 141985
132806 141897 141896 141983 141984
132807 141896 141895 141982 141983
132808 141895 141894 141981 141982
132809 141894 141893 141980 141981
132810 141893 141892 141979 141980
132811 141892 141891 141978 141979
132812 141891 141890 141977 141978
132813 141890 141889 141976 141977
132814 141889 141888 141975 141976
132815 141888 141887 141974 141975
132816 141887 141886 141973 141974
132817 141886 141885 141972 141973
132818 141885 141884 141971 141972
132819 141884 141883 141882 141971
132820 141755 141754 141970 141811
132821 141754 141753 141969 141970
132822 141753 141752 141968 141969
132823 141752 141751 141967 141968
132824 141751 141750 141966 141967
132825 141750 141749 141965 141966
132826 141749 141748 141964 141965
132827 141748 141747 141963 141964
132828 141747 141746 141962 141963
132829 141746 141745 141961 141962
132830 141745 141744 141960 141961
132831 141744 141743 141959 141960
132832 141743 141742 141958 141959
132833 141742 141741 141957 141958
132834 141741 141740 141956 141957
132835 141740 141739 141955 141956
132836 141738 141737 141955 141739
132837 141737 141736 141954 141955
132838 141736 141735 141953 141954
132839 141735 141734 141952 141953
132840 141734 141733 141951 141952
132841 141733 141732 141950 141951
132842 141732 141731 141949 141950
132843 141731 141730 141948 141949
132844 141730 141729 141947 141948
132845 141729 141728 141946 141947
132846 141728 141727 141945 141946
132847 141727 141726 141944 141945
132848 141726 141725 141943 141944
132849 141725 141724 141942 141943
132850 141724 141723 141941 141942
132851 141723 141722 141940 141941
132852 141722 141721 141939 141940
132853 141721 141720 141938 141939
132854 141720 141719 141937 141938
132855 141719 141718 141936 141937
132856 141718 141717 141935 141936
132857 141717 141716 141934 141935
132858 141716 141715 141933 141934
132859 141715 141714 141932 141933
132860 141713 141712 141932 141714
132861 141712 141711 141931 141932
132862 141711 141710 141930 141931
132863 141710 141709 141929 141930
132864 141709 141708 141928 141929
132865 141708 141707 141927 141928
132866 141707 141706 141926 141927
132867 141706 141705 141925 141926
132868 141705 141704 141924 141925
132869 141704 141703 141923 141924
132870 141703 141702 141922 141923
132871 141702 141701 141921 141922
132872 141701 141700 141920 141921
132873 141700 141699 141919 141920
132874 141699 141698 141918 141919
132875 141698 141697 141917 141918
132876 141697 141696 141916 141917
132877 141696 141695 141915 141916
132878 141695 141694 141914 141915
132879 141694 141693 141913 141914
132880 141693 141692 141912 141913
132881 141692 141691 141911 141912
132882 141691 141690 141910 141911
132883 141690 141689 141909 141910
132884 141689 141688 141908 141909
132885 141688 141687 141907 141908
132886 141687 141686 141906 141907
132887 141686 141685 141905 141906
132888 141685 141684 141904 141905
132889 141684 141683 141903 141904
132890 141683 141682 141902 141903
132891 141682 141681 141901 141902
132892 141681 141680 141900 141901
132893 141680 141679 141899 141900
132894 141679 141678 141898 141899
132895 141678 141677 141897 141898
132896 141677 141676 141896 141897
132897 141676 141675 141895 141896
132898 141675 141674 141894 141895
132899 141674 141673 141893 141894
132900 141673 141672 141892 141893
132901 141672 141671 141891 141892
132902 141671 141670 141890 141891
132903 141670 141669 141889 141890
132904 141669 141668 141888 141889
132905 141668 141667 141887 141888
132906 141667 141666 141886 141887
132907 141666 141665 141885 141886
132908 141665 141664 141884 141885
132909 141664 141663 141883 141884
132910 141645 141644 141883 141663
132911 141644 141643 141882 141883
132912 141643 141642 141881 141882
132913 141642 141641 141880 141881
132914 141641 141640 141879 141880
132915 141640 141639 141878 141879
132916 141639 141638 141877 141878
132917 141638 141637 141876 141877
132918 141637 141636 141875 141876
132919 141636 141635 141874 141875
132920 141635 141634 141873 141874
132921 141634 141633 141872 141873
132922 141633 141632 141871 141872
132923 141632 141631 141870 141871
132924 141631 141630 141869 141870
132925 141630 141629 141868 141869
132926 141629 141628 141867 141868
132927 141628 141627 141866 141867
132928 141627 141626 141865 141866
132929 141626 141625 141864 141865
132930 141625 141624 141863 141864
132931 141624 141623 141862 141863
132932 141623 141622 141861 141862
132933 141622 141621 141860 141861
132934 141621 141620 141859 141860
132935 141620 141619 141858 141859
132936 141619 141618 141857 141858
132937 141618 141617 141856 141857
132938 141617 141616 141855 141856
132939 141616 141615 141854 141855
132940 141615 141614 141853 141854
132941 141614 141613 141852 141853
132942 141613 141612 141851 141852
132943 141612 141611 141850 141851
132944 141593 141591 141662 141594
132945 141598 141597 141607 141599
132946 141608 141607 141597 141595
132947 141595 141596 141609 141608
132948 141810 141809 141849 141850
132949 141809 141808 141848 141849
132950 141808 141807 141847 141848
132951 141807 141805 141846 141847
132952 141805 141806 141844 141846
132953 141844 141806 141843 141845
132954 141806 141804 141842 141843
132955 141804 141803 141841 141842
132956 141803 141802 141840 141841
132957 141802 141801 141839 141840
132958 141801 141800 141838 141839
132959 141800 141799 141837 141838
132960 141799 141798 141836 141837
132961 141798 141797 141835 141836
132962 141797 141796 141834 141835
132963 141796 141795 141833 141834
132964 141795 141794 141832 141833
132965 141794 141793 141831 141832
132966 141793 141792 141830 141831
132967 141792 141791 141829 141830
132968 141791 141790 141828 141829
132969 141790 141789 141827 141828
132970 141789 141788 141826 141827
132971 141788 141787 141825 141826
132972 141787 141786 141824 141825
132973 141786 141785 141823 141824
132974 141785 141784 141822 141823
132975 141784 141783 141821 141822
132976 141783 141782 141820 141821
132977 141782 141780 141819 141820
132978 141780 141781 141817 141819
132979 141817 141781 141816 141818
132980 141781 141779 141815 141816
132981 141779 141778 141814 141815
132982 141778 141777 141813 141814
132983 141777 141776 141812 141813
132984 141776 141775 141811 141812
132985 141775 141756 141755 141811
132986 141594 141662 141810 141596
132987 141662 141661 141809 141810
132988 141661 141660 141808 141809
132989 141660 141658 141807 141808
132990 141658 141659 141805 141807
132991 141805 141659 141804 141806
132992 141659 141657 141803 141804
132993 141657 141656 141802 141803
132994 141656 141655 141801 141802
132995 141655 141654 141800 141801
132996 141654 141653 141652 141800
132997 141652 141651 141799 141800
132998 141651 141650 141798 141799
132999 141650 141649 141797 141798
133000 141649 141648 141796 141797
133001 141648 141647 141795 141796
133002 141647 141646 141794 141795
133003 141646 141774 141793 141794
133004 141774 141773 141792 141793
133005 141773 141772 141791 141792
133006 141772 141771 141790 141791
133007 141771 141770 141789 141790
133008 141770 141769 141788 141789
133009 141769 141768 141787 141788
133010 141768 141767 141786 141787
133011 141767 141766 141785 141786
133012 141766 141765 141784 141785
133013 141765 141764 141783 141784
133014 141764 141762 141782 141783
133015 141762 141763 141780 141782
133016 141780 141763 141779 141781
133017 141763 141761 141778 141779
133018 141761 141760 141777 141778
133019 141760 141759 141776 141777
133020 141759 141758 141775 141776
133021 141758 141757 141756 141775
133022 141578 141577 141774 141646
133023 141577 141576 141773 141774
133024 141576 141575 141772 141773
133025 141575 141574 141771 141772
133026 141574 141573 141770 141771
133027 141573 141572 141769 141770
133028 141572 141571 141768 141769
133029 141571 141570 141767 141768
133030 141570 141569 141766 141767
133031 141569 141568 141765 141766
133032 141568 141566 141764 141765
133033 141566 141567 141762 141764
133034 141762 141567 141761 141763
133035 141567 141565 141760 141761
133036 141565 141564 141759 141760
133037 141564 141563 141758 141759
133038 141563 141562 141757 141758
133039 141562 141561 141756 141757
133040 141561 141560 141755 141756
133041 141560 141559 141754 141755
133042 141559 141558 141753 141754
133043 141558 141557 141752 141753
133044 141557 141556 141751 141752
133045 141556 141555 141750 141751
133046 141555 141554 141749 141750
133047 141554 141553 141748 141749
133048 141553 141552 141747 141748
133049 141552 141551 141746 141747
133050 141551 141550 141745 141746
133051 141550 141549 141744 141745
133052 141549 141548 141743 141744
133053 141548 141547 141742 141743
133054 141547 141606 141741 141742
133055 141606 141605 141740 141741
133056 141605 141604 141739 141740
133057 141604 141603 141738 141739
133058 141602 141546 141738 141603
133059 141546 141545 141737 141738
133060 141545 141544 141736 141737
133061 141544 141543 141735 141736
133062 141543 141542 141734 141735
133063 141542 141541 141733 141734
133064 141541 141540 141732 141733
133065 141540 141539 141731 141732
133066 141539 141538 141730 141731
133067 141538 141537 141729 141730
133068 141537 141536 141728 141729
133069 141536 141535 141727 141728
133070 141535 141534 141726 141727
133071 141534 141533 141725 141726
133072 141533 141532 141724 141725
133073 141532 141531 141723 141724
133074 141531 141530 141722 141723
133075 141530 141529 141721 141722
133076 141529 141528 141720 141721
133077 141528 141527 141719 141720
133078 141527 141526 141718 141719
133079 141526 141525 141717 141718
133080 141525 141524 141716 141717
133081 141524 141523 141715 141716
133082 141523 141522 141714 141715
133083 141522 141521 141713 141714
133084 141520 141519 141713 141521
133085 141519 141518 141712 141713
133086 141518 141517 141711 141712
133087 141517 141516 141710 141711
133088 141516 141515 141709 141710
133089 141515 141514 141708 141709
133090 141514 141513 141707 141708
133091 141513 141512 141706 141707
133092 141512 141511 141705 141706
133093 141511 141510 141704 141705
133094 141510 141509 141703 141704
133095 141509 141508 141702 141703
133096 141508 141507 141701 141702
133097 141507 141506 141700 141701
133098 141506 141505 141699 141700
133099 141505 141504 141698 141699
133100 141504 141503 141697 141698
133101 141503 141502 141696 141697
133102 141502 141501 141695 141696
133103 141501 141500 141694 141695
133104 141500 141499 141693 141694
133105 141499 141498 141692 141693
133106 141498 141497 141691 141692
133107 141497 141496 141690 141691
133108 141496 141495 141689 141690
133109 141495 141494 141688 141689
133110 141494 141493 141687 141688
133111 141493 141492 141686 141687
133112 141492 141491 141685 141686
133113 141491 141490 141684 141685
133114 141490 141489 141683 141684
133115 141489 141488 141682 141683
133116 141488 141487 141681 141682
133117 141487 141486 141680 141681
133118 141486 141485 141679 141680
133119 141485 141484 141678 141679
133120 141484 141483 141677 141678
133121 141483 141482 141676 141677
133122 141482 141481 141675 141676
133123 141481 141480 141674 141675
133124 141480 141479 141673 141674
133125 141479 141478 141672 141673
133126 141478 141477 141671 141672
133127 141477 141476 141670 141671
133128 141476 141475 141669 141670
133129 141475 141474 141668 141669
133130 141474 141473 141667 141668
133131 141473 141472 141666 141667
133132 141472 141471 141665 141666
133133 141471 141470 141664 141665
133134 141470 141469 141663 141664
133135 141469 141468 141645 141663
133136 141591 141592 141661 141662
133137 141592 141600 141660 141661
133138 141600 141601 141658 141660
133139 141658 141601 141657 141659
133140 141601 141590 141656 141657
133141 141590 141589 141655 141656
133142 141589 141588 141654 141655
133143 141588 141587 141653 141654
133144 141587 141586 141652 141653
133145 141586 141585 141651 141652
133146 141585 141584 141650 141651
133147 141584 141583 141649 141650
133148 141583 141582 141648 141649
133149 141582 141581 141647 141648
133150 141581 141580 141646 141647
133151 141580 141579 141578 141646
133152 141467 141466 141645 141468
133153 141466 141465 141644 141645
133154 141465 141464 141643 141644
133155 141464 141463 141642 141643
133156 141463 141462 141641 141642
133157 141462 141461 141640 141641
133158 141461 141460 141639 141640
133159 141460 141459 141638 141639
133160 141459 141458 141637 141638
133161 141458 141457 141636 141637
133162 141457 141456 141635 141636
133163 141456 141455 141634 141635
133164 141455 141454 141633 141634
133165 141454 141453 141632 141633
133166 141453 141452 141631 141632
133167 141452 141451 141630 141631
133168 141451 141450 141629 141630
133169 141450 141449 141628 141629
133170 141449 141448 141627 141628
133171 141448 141447 141626 141627
133172 141447 141446 141625 141626
133173 141446 141445 141624 141625
133174 141445 141444 141623 141624
133175 141444 141443 141622 141623
133176 141443 141442 141621 141622
133177 141442 141441 141620 141621
133178 141441 141440 141619 141620
133179 141440 141439 141618 141619
133180 141439 141438 141617 141618
133181 141438 141437 141616 141617
133182 141437 141436 141615 141616
133183 141436 141435 141614 141615
133184 141435 141434 141613 141614
133185 141434 141433 141612 141613
133186 141433 141432 141611 141612
133187 141432 141431 141610 141611
133188 141431 141430 141609 141610
133189 141430 141429 141608 141609
133190 141429 141428 141607 141608
133191 141428 141427 141599 141607
133192 141391 141390 141606 141547
133193 141390 141389 141605 141606
133194 141389 141388 141604 141605
133195 141388 141387 141603 141604
133196 141387 141386 141602 141603
133197 141386 141385 141546 141602
133198 141367 141590 141601 141600
133199 141368 141367 141600 141592
133200 141235 141371 141599 141427
133201 141371 141372 141598 141599
133202 141372 141373 141597 141598
133203 141373 141374 141595 141597
133204 141595 141374 141594 141596
133205 141374 141370 141593 141594
133206 141370 141369 141591 141593
133207 141369 141368 141592 141591
133208 141367 141366 141589 141590
133209 141366 141365 141588 141589
133210 141365 141364 141587 141588
133211 141364 141363 141586 141587
133212 141363 141362 141585 141586
133213 141362 141220 141584 141585
133214 141220 141221 141583 141584
133215 141221 141426 141582 141583
133216 141426 141425 141581 141582
133217 141425 141424 141580 141581
133218 141424 141423 141579 141580
133219 141423 141422 141578 141579
133220 141422 141421 141577 141578
133221 141421 141420 141576 141577
133222 141420 141419 141575 141576
133223 141419 141418 141574 141575
133224 141418 141417 141573 141574
133225 141417 141416 141572 141573
133226 141416 141415 141571 141572
133227 141415 141414 141570 141571
133228 141414 141413 141569 141570
133229 141413 141411 141568 141569
133230 141411 141412 141566 141568
133231 141566 141412 141565 141567
133232 141412 141410 141564 141565
133233 141410 141409 141563 141564
133234 141409 141408 141562 141563
133235 141408 141407 141561 141562
133236 141407 141406 141560 141561
133237 141406 141405 141559 141560
133238 141405 141404 141558 141559
133239 141404 141403 141557 141558
133240 141403 141402 141556 141557
133241 141402 141401 141555 141556
133242 141401 141400 141554 141555
133243 141400 141399 141553 141554
133244 141399 141398 141552 141553
133245 141398 141397 141551 141552
133246 141397 141396 141550 141551
133247 141396 141395 141549 141550
133248 141395 141394 141548 141549
133249 141394 141393 141547 141548
133250 141393 141392 141391 141547
133251 141361 141360 141546 141385
133252 141360 141359 141545 141546
133253 141359 141358 141544 141545
133254 141358 141357 141543 141544
133255 141357 141356 141542 141543
133256 141356 141355 141541 141542
133257 141355 141354 141540 141541
133258 141354 141353 141539 141540
133259 141353 141352 141538 141539
133260 141352 141351 141537 141538
133261 141351 141350 141536 141537
133262 141350 141349 141535 141536
133263 141349 141348 141534 141535
133264 141348 141347 141533 141534
133265 141347 141346 141532 141533
133266 141346 141345 141531 141532
133267 141345 141344 141530 141531
133268 141344 141343 141529 141530
133269 141343 141342 141528 141529
133270 141342 141341 141527 141528
133271 141341 141340 141526 141527
133272 141340 141339 141525 141526
133273 141339 141338 141524 141525
133274 141338 141337 141523 141524
133275 141337 141336 141522 141523
133276 141336 141335 141521 141522
133277 141335 141334 141520 141521
133278 141292 141291 141520 141334
133279 141291 141290 141519 141520
133280 141290 141289 141518 141519
133281 141289 141288 141517 141518
133282 141288 141287 141516 141517
133283 141287 141286 141515 141516
133284 141286 141285 141514 141515
133285 141285 141284 141513 141514
133286 141284 141283 141512 141513
133287 141283 141282 141511 141512
133288 141282 141281 141510 141511
133289 141281 141280 141509 141510
133290 141280 141279 141508 141509
133291 141279 141278 141507 141508
133292 141278 141277 141506 141507
133293 141277 141276 141505 141506
133294 141276 141275 141504 141505
133295 141275 141274 141503 141504
133296 141274 141273 141502 141503
133297 141273 141272 141501 141502
133298 141272 141271 141500 141501
133299 141271 141270 141499 141500
133300 141270 141269 141498 141499
133301 141269 141268 141497 141498
133302 141268 141267 141496 141497
133303 141267 141266 141495 141496
133304 141266 141265 141494 141495
133305 141265 141264 141493 141494
133306 141264 141263 141492 141493
133307 141263 141262 141491 141492
133308 141262 141261 141490 141491
133309 141261 141260 141489 141490
133310 141260 141259 141488 141489
133311 141259 141258 141487 141488
133312 141258 141257 141486 141487
133313 141257 141256 141485 141486
133314 141256 141255 141484 141485
133315 141255 141254 141483 141484
133316 141254 141253 141482 141483
133317 141253 141252 141481 141482
133318 141252 141251 141480 141481
133319 141251 141250 141479 141480
133320 141250 141249 141478 141479
133321 141249 141248 141477 141478
133322 141248 141247 141476 141477
133323 141247 141246 141475 141476
133324 141246 141245 141474 141475
133325 141245 141244 141473 141474
133326 141244 141243 141472 141473
133327 141243 141242 141471 141472
133328 141242 141241 141470 141471
133329 141241 141240 141469 141470
133330 141240 141239 141468 141469
133331 141239 141238 141467 141468
133332 141237 141333 141467 141238
133333 141333 141332 141466 141467
133334 141332 141331 141465 141466
133335 141331 141330 141464 141465
133336 141330 141329 141463 141464
133337 141329 141328 141462 141463
133338 141328 141327 141461 141462
133339 141327 141326 141460 141461
133340 141326 141325 141459 141460
133341 141325 141324 141458 141459
133342 141324 141323 141457 141458
133343 141323 141322 141456 141457
133344 141322 141321 141455 141456
133345 141321 141320 141454 141455
133346 141320 141319 141453 141454
133347 141319 141318 141452 141453
133348 141318 141317 141451 141452
133349 141317 141316 141450 141451
133350 141316 141315 141449 141450
133351 141315 141314 141448 141449
133352 141314 141313 141447 141448
133353 141313 141312 141446 141447
133354 141312 141311 141445 141446
133355 141311 141310 141444 141445
133356 141310 141309 141443 141444
133357 141309 141308 141442 141443
133358 141308 141307 141441 141442
133359 141307 141306 141440 141441
133360 141306 141305 141439 141440
133361 141305 141304 141438 141439
133362 141304 141303 141437 141438
133363 141303 141302 141436 141437
133364 141302 141301 141435 141436
133365 141301 141300 141434 141435
133366 141300 141299 141433 141434
133367 141299 141298 141432 141433
133368 141298 141297 141431 141432
133369 141297 141296 141430 141431
133370 141296 141295 141429 141430
133371 141295 141294 141428 141429
133372 141294 141293 141427 141428
133373 141293 141236 141235 141427
133374 141219 141384 141426 141221
133375 141384 141383 141425 141426
133376 141383 141382 141424 141425
133377 141382 141381 141423 141424
133378 141381 141380 141422 141423
133379 141380 141379 141421 141422
133380 141379 141378 141420 141421
133381 141378 141377 141419 141420
133382 141377 141376 141418 141419
133383 141376 141375 141417 141418
133384 141375 141195 141416 141417
133385 141195 141193 141415 141416
133386 141193 141194 141414 141415
133387 141194 141204 141413 141414
133388 141204 141205 141411 141413
133389 141411 141205 141410 141412
133390 141205 141192 141409 141410
133391 141192 141191 141408 141409
133392 141191 141190 141407 141408
133393 141190 141189 141406 141407
133394 141189 141188 141405 141406
133395 141188 141187 141404 141405
133396 141187 141186 141403 141404
133397 141186 141185 141402 141403
133398 141185 141184 141401 141402
133399 141184 141183 141400 141401
133400 141183 141182 141399 141400
133401 141182 141181 141398 141399
133402 141181 141180 141397 141398
133403 141180 141179 141396 141397
133404 141179 141178 141395 141396
133405 141178 141177 141394 141395
133406 141177 141176 141393 141394
133407 141176 141175 141392 141393
133408 141175 141174 141391 141392
133409 141174 141173 141390 141391
133410 141173 141172 141389 141390
133411 141172 141171 141388 141389
133412 141171 141170 141387 141388
133413 141170 141169 141386 141387
133414 141169 141168 141385 141386
133415 141168 141167 141361 141385
133416 141218 141217 141384 141219
133417 141217 141216 141383 141384
133418 141216 141215 141382 141383
133419 141215 141214 141381 141382
133420 141214 141213 141380 141381
133421 141213 141212 141379 141380
133422 141212 141211 141378 141379
133423 141211 141210 141377 141378
133424 141210 141209 141376 141377
133425 141209 141208 141375 141376
133426 141208 141196 141195 141375
133427 141231 141370 141374 141373
133428 141232 141231 141373 141372
133429 141234 141233 141371 141235
133430 141233 141232 141372 141371
133431 141231 141230 141369 141370
133432 141230 141229 141368 141369
133433 141229 141228 141367 141368
133434 141228 141227 141366 141367
133435 141227 141226 141365 141366
133436 141226 141225 141364 141365
133437 141225 141224 141363 141364
133438 141224 141223 141362 141363
133439 141223 141222 141220 141362
133440 141166 141165 141361 141167
133441 141165 141164 141360 141361
133442 141164 141163 141359 141360
133443 141163 141162 141358 141359
133444 141162 141161 141357 141358
133445 141161 141160 141356 141357
133446 141160 141159 141355 141356
133447 141159 141158 141354 141355
133448 141158 141157 141353 141354
133449 141157 141156 141352 141353
133450 141156 141155 141351 141352
133451 141155 141154 141350 141351
133452 141154 141153 141349 141350
133453 141153 141152 141348 141349
133454 141152 141151 141347 141348
133455 141151 141150 141346 141347
133456 141150 141149 141345 141346
133457 141149 141148 141344 141345
133458 141148 141147 141343 141344
133459 141147 141146 141342 141343
133460 141146 141145 141341 141342
133461 141145 141144 141340 141341
133462 141144 141143 141339 141340
133463 141143 141142 141338 141339
133464 141142 141141 141337 141338
133465 141141 141140 141336 141337
133466 141140 141139 141335 141336
133467 141139 141138 141334 141335
133468 141138 141137 141292 141334
133469 141136 141135 141333 141237
133470 141135 141134 141332 141333
133471 141134 141133 141331 141332
133472 141133 141132 141330 141331
133473 141132 141131 141329 141330
133474 141131 141130 141328 141329
133475 141130 141129 141327 141328
133476 141129 141128 141326 141327
133477 141128 141127 141325 141326
133478 141127 141126 141324 141325
133479 141126 141125 141323 141324
133480 141125 141124 141322 141323
133481 141124 141123 141321 141322
133482 141123 141122 141320 141321
133483 141122 141121 141319 141320
133484 141121 141120 141318 141319
133485 141120 141119 141317 141318
133486 141119 141118 141316 141317
133487 141118 141117 141315 141316
133488 141117 141116 141314 141315
133489 141116 141115 141313 141314
133490 141115 141114 141312 141313
133491 141114 141113 141311 141312
133492 141113 141112 141310 141311
133493 141112 141111 141309 141310
133494 141111 141110 141308 141309
133495 141110 141109 141307 141308
133496 141109 141108 141306 141307
133497 141108 141107 141305 141306
133498 141107 141106 141304 141305
133499 141106 141105 141303 141304
133500 141105 141104 141302 141303
133501 141104 141103 141301 141302
133502 141103 141102 141300 141301
133503 141102 141101 141299 141300
133504 141101 141100 141298 141299
133505 141100 141099 141297 141298
133506 141099 141098 141296 141297
133507 141098 141097 141295 141296
133508 141097 141096 141294 141295
133509 141096 141095 141293 141294
133510 141095 141094 141236 141293
133511 141093 141092 141292 141137
133512 141092 141091 141291 141292
133513 141091 141090 141290 141291
133514 141090 141089 141289 141290
133515 141089 141088 141288 141289
133516 141088 141087 141287 141288
133517 141087 141086 141286 141287
133518 141086 141085 141285 141286
133519 141085 141084 141284 141285
133520 141084 141083 141283 141284
133521 141083 141082 141282 141283
133522 141082 141081 141281 141282
133523 141081 141080 141280 141281
133524 141080 141079 141279 141280
133525 141079 141078 141278 141279
133526 141078 141077 141277 141278
133527 141077 141076 141276 141277
133528 141076 141075 141275 141276
133529 141075 141074 141274 141275
133530 141074 141073 141273 141274
133531 141073 141072 141272 141273
133532 141072 141071 141271 141272
133533 141071 141070 141270 141271
133534 141070 141069 141269 141270
133535 141069 141068 141268 141269
133536 141068 141067 141267 141268
133537 141067 141066 141266 141267
133538 141066 141065 141265 141266
133539 141065 141064 141264 141265
133540 141064 141063 141263 141264
133541 141063 141062 141262 141263
133542 141062 141061 141261 141262
133543 141061 141060 141260 141261
133544 141060 141059 141259 141260
133545 141059 141058 141258 141259
133546 141058 141057 141257 141258
133547 141057 141056 141256 141257
133548 141056 141055 141255 141256
133549 141055 141054 141254 141255
133550 141054 141053 141253 141254
133551 141053 141052 141252 141253
133552 141052 141051 141251 141252
133553 141051 141050 141250 141251
133554 141050 141049 141249 141250
133555 141049 141048 141248 141249
133556 141048 141047 141247 141248
133557 141047 141046 141246 141247
133558 141046 141045 141245 141246
133559 141045 141044 141244 141245
133560 141044 141043 141243 141244
133561 141043 141042 141242 141243
133562 141042 141041 141241 141242
133563 141041 141040 141240 141241
133564 141040 141039 141239 141240
133565 141039 141038 141238 141239
133566 141038 141037 141237 141238
133567 141037 141036 141136 141237
133568 141035 141034 141236 141094
133569 141034 141033 141235 141236
133570 141033 141032 141234 141235
133571 141031 141030 141234 141032
133572 141030 141029 141233 141234
133573 141029 141028 141232 141233
133574 141028 141027 141231 141232
133575 141027 141026 141230 141231
133576 141026 141025 141229 141230
133577 141025 141024 141228 141229
133578 141024 141023 141227 141228
133579 141023 141022 141226 141227
133580 141022 141021 141225 141226
133581 141021 141019 141224 141225
133582 141019 141020 141223 141224
133583 141020 141206 141222 141223
133584 141206 141207 141220 141222
133585 141220 141207 141219 141221
133586 141207 141018 141218 141219
133587 141018 141017 141217 141218
133588 141017 141016 141216 141217
133589 141016 141015 141215 141216
133590 141015 141014 141214 141215
133591 141014 141203 141213 141214
133592 141203 141202 141212 141213
133593 141202 141201 141211 141212
133594 141201 141200 141210 141211
133595 141200 141199 141209 141210
133596 141199 141198 141208 141209
133597 141198 141197 141196 141208
133598 140819 141018 141207 141206
133599 140820 140819 141206 141020
133600 141001 141192 141205 141204
133601 141002 141001 141204 141194
133602 141013 141012 141203 141014
133603 141012 141011 141202 141203
133604 141011 141010 141201 141202
133605 141010 141009 141200 141201
133606 141009 141008 141199 141200
133607 141008 141007 141198 141199
133608 141007 141006 141197 141198
133609 141006 141005 141196 141197
133610 141005 141004 141195 141196
133611 141004 141003 141193 141195
133612 141003 141002 141194 141193
133613 141001 141000 141191 141192
133614 141000 140999 141190 141191
133615 140999 140998 141189 141190
133616 140998 140997 141188 141189
133617 140997 140996 141187 141188
133618 140996 140995 141186 141187
133619 140995 140994 141185 141186
133620 140994 140993 141184 141185
133621 140993 140992 141183 141184
133622 140992 140991 141182 141183
133623 140991 140990 141181 141182
133624 140990 140989 141180 141181
133625 140989 140988 141179 141180
133626 140988 140987 141178 141179
133627 140987 140986 141177 141178
133628 140986 140985 141176 141177
133629 140985 140984 141175 141176
133630 140984 140983 141174 141175
133631 140983 140982 141173 141174
133632 140982 140981 141172 141173
133633 140981 140980 141171 141172
133634 140980 140979 141170 141171
133635 140979 140978 141169 141170
133636 140978 140977 141168 141169
133637 140977 140976 141167 141168
133638 140976 140975 141166 141167
133639 140974 140973 141166 140975
133640 140973 140972 141165 141166
133641 140972 140971 141164 141165
133642 140971 140970 141163 141164
133643 140970 140969 141162 141163
133644 140969 140968 141161 141162
133645 140968 140967 141160 141161
133646 140967 140966 141159 141160
133647 140966 140965 141158 141159
133648 140965 140964 141157 141158
133649 140964 140963 141156 141157
133650 140963 140962 141155 141156
133651 140962 140961 141154 141155
133652 140961 140960 141153 141154
133653 140960 140959 141152 141153
133654 140959 140958 141151 141152
133655 140958 140957 141150 141151
133656 140957 140956 141149 141150
133657 140956 140955 141148 141149
133658 140955 140954 141147 141148
133659 140954 140953 141146 141147
133660 140953 140952 141145 141146
133661 140952 140951 141144 141145
133662 140951 140950 141143 141144
133663 140950 140949 141142 141143
133664 140949 140948 141141 141142
133665 140948 140947 141140 141141
133666 140947 140946 141139 141140
133667 140946 140945 141138 141139
133668 140945 140944 141137 141138
133669 140944 140943 141093 141137
133670 140942 140941 141136 141036
133671 140941 140940 141135 141136
133672 140940 140939 141134 141135
133673 140939 140938 141133 141134
133674 140938 140937 141132 141133
133675 140937 140936 141131 141132
133676 140936 140935 141130 141131
133677 140935 140934 141129 141130
133678 140934 140933 141128 141129
133679 140933 140932 141127 141128
133680 140932 140931 141126 141127
133681 140931 140930 141125 141126
133682 140930 140929 141124 141125
133683 140929 140928 141123 141124
133684 140928 140927 141122 141123
133685 140927 140926 141121 141122
133686 140926 140925 141120 141121
133687 140925 140924 141119 141120
133688 140924 140923 141118 141119
133689 140923 140922 141117 141118
133690 140922 140921 141116 141117
133691 140921 140920 141115 141116
133692 140920 140919 141114 141115
133693 140919 140918 141113 141114
133694 140918 140917 141112 141113
133695 140917 140916 141111 141112
133696 140916 140915 141110 141111
133697 140915 140914 141109 141110
133698 140914 140913 141108 141109
133699 140913 140912 141107 141108
133700 140912 140911 141106 141107
133701 140911 140910 141105 141106
133702 140910 140909 141104 141105
133703 140909 140908 141103 141104
133704 140908 140907 141102 141103
133705 140907 140906 141101 141102
133706 140906 140905 141100 141101
133707 140905 140904 141099 141100
133708 140904 140903 141098 141099
133709 140903 140902 141097 141098
133710 140902 140901 141096 141097
133711 140901 140900 141095 141096
133712 140900 140899 141094 141095
133713 140899 140898 141035 141094
133714 140897 140896 141093 140943
133715 140896 140895 141092 141093
133716 140895 140894 141091 141092
133717 140894 140893 141090 141091
133718 140893 140892 141089 141090
133719 140892 140891 141088 141089
133720 140891 140890 141087 141088
133721 140890 140889 141086 141087
133722 140889 140888 141085 141086
133723 140888 140887 141084 141085
133724 140887 140886 141083 141084
133725 140886 140885 141082 141083
133726 140885 140884 141081 141082
133727 140884 140883 141080 141081
133728 140883 140882 141079 141080
133729 140882 140881 141078 141079
133730 140881 140880 141077 141078
133731 140880 140879 141076 141077
133732 140879 140878 141075 141076
133733 140878 140877 141074 141075
133734 140877 140876 141073 141074
133735 140876 140875 141072 141073
133736 140875 140874 141071 141072
133737 140874 140873 141070 141071
133738 140873 140872 141069 141070
133739 140872 140871 141068 141069
133740 140871 140870 141067 141068
133741 140870 140869 141066 141067
133742 140869 140868 141065 141066
133743 140868 140867 141064 141065
133744 140867 140866 141063 141064
133745 140866 140865 141062 141063
133746 140865 140864 141061 141062
133747 140864 140863 141060 141061
133748 140863 140862 141059 141060
133749 140862 140861 141058 141059
133750 140861 140860 141057 141058
133751 140860 140859 141056 141057
133752 140859 140858 141055 141056
133753 140858 140857 141054 141055
133754 140857 140856 141053 141054
133755 140856 140855 141052 141053
133756 140855 140854 141051 141052
133757 140854 140853 141050 141051
133758 140853 140852 141049 141050
133759 140852 140851 141048 141049
133760 140851 140850 141047 141048
133761 140850 140849 141046 141047
133762 140849 140848 141045 141046
133763 140848 140847 141044 141045
133764 140847 140846 141043 141044
133765 140846 140845 141042 141043
133766 140845 140844 141041 141042
133767 140844 140843 141040 141041
133768 140843 140842 141039 141040
133769 140842 140841 141038 141039
133770 140841 140840 141037 141038
133771 140840 140839 141036 141037
133772 140839 140838 140942 141036
133773 140837 140836 141035 140898
133774 140836 140835 141034 141035
133775 140835 140834 141033 141034
133776 140834 140833 141032 141033
133777 140833 140832 141031 141032
133778 140832 140831 141030 141031
133779 140831 140830 141029 141030
133780 140830 140829 141028 141029
133781 140829 140828 141027 141028
133782 140828 140827 141026 141027
133783 140827 140826 141025 141026
133784 140826 140825 141024 141025
133785 140825 140824 141023 141024
133786 140824 140823 141022 141023
133787 140823 140822 141021 141022
133788 140822 140821 141019 141021
133789 140821 140820 141020 141019
133790 140819 140818 141017 141018
133791 140818 140817 141016 141017
133792 140817 140816 141015 141016
133793 140816 140815 141014 141015
133794 140815 140814 141013 141014
133795 140813 140812 141013 140814
133796 140812 140811 141012 141013
133797 140811 140810 141011 141012
133798 140810 140809 141010 141011
133799 140809 140808 141009 141010
133800 140808 140807 141008 141009
133801 140807 140806 141007 141008
133802 140806 140805 141006 141007
133803 140805 140804 141005 141006
133804 140804 140803 141004 141005
133805 140803 140802 141003 141004
133806 140802 140801 141002 141003
133807 140801 140800 141001 141002
133808 140800 140799 141000 141001
133809 140799 140798 140999 141000
133810 140798 140797 140998 140999
133811 140797 140796 140997 140998
133812 140796 140795 140996 140997
133813 140795 140794 140995 140996
133814 140794 140793 140994 140995
133815 140793 140792 140993 140994
133816 140792 140791 140992 140993
133817 140791 140790 140991 140992
133818 140790 140789 140990 140991
133819 140789 140788 140989 140990
133820 140788 140787 140988 140989
133821 140787 140786 140987 140988
133822 140786 140785 140986 140987
133823 140785 140784 140985 140986
133824 140784 140783 140984 140985
133825 140783 140782 140983 140984
133826 140782 140781 140982 140983
133827 140781 140780 140981 140982
133828 140780 140779 140980 140981
133829 140779 140778 140979 140980
133830 140778 140777 140978 140979
133831 140777 140776 140977 140978
133832 140776 140775 140976 140977
133833 140775 140774 140975 140976
133834 140774 140773 140974 140975
133835 2564 2565 140974 140773
133836 2565 2566 140973 140974
133837 2566 2567 140972 140973
133838 2567 2568 140971 140972
133839 2568 2569 140970 140971
133840 2569 2570 140969 140970
133841 2570 2571 140968 140969
133842 2571 2572 140967 140968
133843 2572 2573 140966 140967
133844 2573 2574 140965 140966
133845 2574 2575 140964 140965
133846 2575 2576 140963 140964
133847 2576 2577 140962 140963
133848 2577 2578 140961 140962
133849 2578 2579 140960 140961
133850 2579 2580 140959 140960
133851 2580 2581 140958 140959
133852 2581 2582 140957 140958
133853 2582 2583 140956 140957
133854 2583 2584 140955 140956
133855 2584 2585 140954 140955
133856 2585 2586 140953 140954
133857 2586 2587 140952 140953
133858 2587 2588 140951 140952
133859 2588 2589 140950 140951
133860 2589 2590 140949 140950
133861 2590 2591 140948 140949
133862 2591 2592 140947 140948
133863 2592 2593 140946 140947
133864 2593 2594 140945 140946
133865 2594 2595 140944 140945
133866 2595 2596 140943 140944
133867 2596 2597 140897 140943
133868 9450 9449 140942 140838
133869 9449 9448 140941 140942
133870 9448 9447 140940 140941
133871 9447 9446 140939 140940
133872 9446 9445 140938 140939
133873 9445 9444 140937 140938
133874 9444 9443 140936 140937
133875 9443 9442 140935 140936
133876 9442 9441 140934 140935
133877 9441 9440 140933 140934
133878 9440 9439 140932 140933
133879 9439 9438 140931 140932
133880 9438 9437 140930 140931
133881 9437 9436 140929 140930
133882 9436 9435 140928 140929
133883 9435 9434 140927 140928
133884 9434 9433 140926 140927
133885 9433 9432 140925 140926
133886 9432 9431 140924 140925
133887 9431 9430 140923 140924
133888 9430 9429 140922 140923
133889 9429 9428 140921 140922
133890 9428 9427 140920 140921
133891 9427 9426 140919 140920
133892 9426 9425 140918 140919
133893 9425 9424 140917 140918
133894 9424 9423 140916 140917
133895 9423 9422 140915 140916
133896 9422 9421 140914 140915
133897 9421 9420 140913 140914
133898 9420 9419 140912 140913
133899 9419 9418 140911 140912
133900 9418 9417 140910 140911
133901 9417 9416 140909 140910
133902 9416 9415 140908 140909
133903 9415 9414 140907 140908
133904 9414 9413 140906 140907
133905 9413 9412 140905 140906
133906 9412 9411 140904 140905
133907 9411 9410 140903 140904
133908 9410 9409 140902 140903
133909 9409 9408 140901 140902
133910 9408 9407 140900 140901
133911 9407 9406 140899 140900
133912 9406 9405 140898 140899
133913 9405 9404 140837 140898
133914 2503 5803 140897 2597
133915 5803 5804 140896 140897
133916 5804 5805 140895 140896
133917 5805 5806 140894 140895
133918 5806 5807 140893 140894
133919 5807 5808 140892 140893
133920 5808 5809 140891 140892
133921 5809 5810 140890 140891
133922 5810 5811 140889 140890
133923 5811 5812 140888 140889
133924 5812 5813 140887 140888
133925 5813 5814 140886 140887
133926 5814 5815 140885 140886
133927 5815 5816 140884 140885
133928 5816 5817 140883 140884
133929 5817 5818 140882 140883
133930 5818 5819 140881 140882
133931 5819 5820 140880 140881
133932 5820 5821 140879 140880
133933 5821 5822 140878 140879
133934 5822 5823 140877 140878
133935 5823 5824 140876 140877
133936 5824 5825 140875 140876
133937 5825 5826 140874 140875
133938 5826 5827 140873 140874
133939 5827 5828 140872 140873
133940 5828 5829 140871 140872
133941 5829 5830 140870 140871
133942 5830 5831 140869 140870
133943 5831 5832 140868 140869
133944 5832 5833 140867 140868
133945 5833 5834 140866 140867
133946 5834 5835 140865 140866
133947 5835 5836 140864 140865
133948 5836 5837 140863 140864
133949 5837 5838 140862 140863
133950 5838 5839 140861 140862
133951 5839 5840 140860 140861
133952 5840 5841 140859 140860
133953 5841 5842 140858 140859
133954 5842 5843 140857 140858
133955 5843 5844 140856 140857
133956 5844 5845 140855 140856
133957 5845 5846 140854 140855
133958 5846 5847 140853 140854
133959 5847 5848 140852 140853
133960 5848 5849 140851 140852
133961 5849 5850 140850 140851
133962 5850 5851 140849 140850
133963 5851 5852 140848 140849
133964 5852 5853 140847 140848
133965 5853 5854 140846 140847
133966 5854 5855 140845 140846
133967 5855 5856 140844 140845
133968 5856 5857 140843 140844
133969 5857 5858 140842 140843
133970 5858 5859 140841 140842
133971 5859 5860 140840 140841
133972 5860 5861 140839 140840
133973 5861 5862 140838 140839
133974 5862 5743 9450 140838
133975 9403 13723 140837 9404
133976 13723 13724 140836 140837
133977 13724 13725 140835 140836
133978 13725 13726 140834 140835
133979 13726 13727 140833 140834
133980 13727 13663 140832 140833
133981 13663 14748 140831 140832
133982 14748 14747 140830 140831
133983 14747 14746 140829 140830
133984 14746 14745 140828 140829
133985 14745 14744 140827 140828
133986 14744 14743 140826 140827
133987 14743 14023 140825 140826
133988 14023 14034 140824 140825
133989 14034 14033 140823 140824
133990 14033 14032 140822 140823
133991 14032 14031 140821 140822
133992 14031 14030 140820 140821
133993 14030 14029 140819 140820
133994 14029 14028 140818 140819
133995 14028 14027 140817 140818
133996 14027 14026 140816 140817
133997 14026 14025 140815 140816
133998 14025 14024 140814 140815
133999 14024 13183 140813 140814
134000 13183 13190 140812 140813
134001 13190 13189 140811 140812
134002 13189 13188 140810 140811
134003 13188 13187 140809 140810
134004 13187 13186 140808 140809
134005 13186 13185 140807 140808
134006 13185 13184 140806 140807
134007 13184 13123 140805 140806
134008 13123 5383 140804 140805
134009 5383 5447 140803 140804
134010 5447 5446 140802 140803
134011 5446 5445 140801 140802
134012 5445 5444 140800 140801
134013 5444 5443 140799 140800
134014 5443 12296 140798 140799
134015 12296 12295 140797 140798
134016 12295 12294 140796 140797
134017 12294 12293 140795 140796
134018 12293 12292 140794 140795
134019 12292 12291 140793 140794
134020 12291 12290 140792 140793
134021 12290 12289 140791 140792
134022 12289 12288 140790 140791
134023 12288 12287 140789 140790
134024 12287 12286 140788 140789
134025 12286 12285 140787 140788
134026 12285 12284 140786 140787
134027 12284 12283 140785 140786
134028 12283 4663 140784 140785
134029 4663 4733 140783 140784
134030 4733 4732 140782 140783
134031 4732 4731 140781 140782
134032 4731 4730 140780 140781
134033 4730 4729 140779 140780
134034 4729 4728 140778 140779
134035 4728 4727 140777 140778
134036 4727 4726 140776 140777
134037 4726 4725 140775 140776
134038 4725 4724 140774 140775
134039 4724 4723 140773 140774
134040 4723 2563 2564 140773
134041 144763 145483 145423 144703
134101 144764 145484 145483 144763
134161 144765 145485 145484 144764
134221 144766 145486 145485 144765
134281 144767 145487 145486 144766
134341 144768 145488 145487 144767
134401 144769 145489 145488 144768
134461 144770 145490 145489 144769
134521 144771 145491 145490 144770
134581 144772 145492 145491 144771
134641 144773 145493 145492 144772
134701 143803 142903 145493 144773
134761 142903 143803 143804 142963
134821 142963 143804 143805 142964
134881 142964 143805 143806 142965
134941 142965 143806 143807 142966
135001 142966 143807 143808 142967
135061 142967 143808 143809 142968
135121 142968 143809 143810 142969
135181 142969 143810 143811 142970
135241 142970 143811 143812 142971
135301 142971 143812 143813 142972
135361 142972 143813 143814 142973
135421 142973 143814 143815 142974
135481 142974 143815 143816 142975
135541 142975 143816 143817 142976
135601 142976 143817 5383 13123
135661 146146 143803 144773 146390
135662 146390 144773 144772 146394
135663 146394 144772 144771 146398
135664 146398 144771 144770 146402
135665 146402 144770 144769 146406
135666 146406 144769 144768 146410
135667 146410 144768 144767 146414
135668 146414 144767 144766 146418
135669 146418 144766 144765 146422
135670 146422 144765 144764 146426
135671 146426 144764 144763 146430
135672 146430 144763 144703 146383
136381 146145 146146 146390 146389
136382 146389 146390 146394 146393
136383 146393 146394 146398 146397
136384 146397 146398 146402 146401
136385 146401 146402 146406 146405
136386 146405 146406 146410 146409
136387 146409 146410 146414 146413
136388 146413 146414 146418 146417
136389 146417 146418 146422 146421
136390 146421 146422 146426 146425
136391 146425 146426 146430 146429
136392 146429 146430 146383 146384
137101 146144 146145 146389 146388
137102 146388 146389 146393 146392
137103 146392 146393 146397 146396
137104 146396 146397 146401 146400
137105 146400 146401 146405 146404
137106 146404 146405 146409 146408
137107 146408 146409 146413 146412
137108 146412 146413 146417 146416
137109 146416 146417 146421 146420
137110 146420 146421 146425 146424
137111 146424 146425 146429 146428
137112 146428 146429 146384 146385
137821 146143 146144 146388 146387
137822 146387 146388 146392 146391
137823 146391 146392 146396 146395
137824 146395 146396 146400 146399
137825 146399 146400 146404 146403
137826 146403 146404 146408 146407
137827 146407 146408 146412 146411
137828 146411 146412 146416 146415
137829 146415 146416 146420 146419
137830 146419 146420 146424 146423
137831 146423 146424 146428 146427
137832 146427 146428 146385 146386
138541 4663 146143 146387 4733
138542 4733 146387 146391 4732
138543 4732 146391 146395 4731
138544 4731 146395 146399 4730
138545 4730 146399 146403 4729
138546 4729 146403 146407 4728
138547 4728 146407 146411 4727
138548 4727 146411 146415 4726
138549 4726 146415 146419 4725
138550 4725 146419 146423 4724
138551 4724 146423 146427 4723
138552 4723 146427 146386 2563
139261 149318 12296 5443 5444
139262 149317 149318 5444 5445
139263 149316 149317 5445 5446
139264 149315 149316 5446 5447
139265 143817 149315 5447 5383
139561 149314 12295 12296 149318
139562 149313 149314 149318 149317
139563 149312 149313 149317 149316
139564 149311 149312 149316 149315
139565 143816 149311 149315 143817
139861 149310 12294 12295 149314
139862 149309 149310 149314 149313
139863 149308 149309 149313 149312
139864 149307 149308 149312 149311
139865 143815 149307 149311 143816
140161 149306 12293 12294 149310
140162 149305 149306 149310 149309
140163 149304 149305 149309 149308
140164 149303 149304 149308 149307
140165 143814 149303 149307 143815
140461 149302 12292 12293 149306
140462 149301 149302 149306 149305
140463 149300 149301 149305 149304
140464 149299 149300 149304 149303
140465 143813 149299 149303 143814
140761 149298 12291 12292 149302
140762 149297 149298 149302 149301
140763 149296 149297 149301 149300
140764 149295 149296 149300 149299
140765 143812 149295 149299 143813
141061 149294 12290 12291 149298
141062 149293 149294 149298 149297
141063 149292 149293 149297 149296
141064 149291 149292 149296 149295
141065 143811 149291 149295 143812
141361 149290 12289 12290 149294
141362 149289 149290 149294 149293
141363 149288 149289 149293 149292
141364 149287 149288 149292 149291
141365 143810 149287 149291 143811
141661 149286 12288 12289 149290
141662 149285 149286 149290 149289
141663 149284 149285 149289 149288
141664 149283 149284 149288 149287
141665 143809 149283 149287 143810
141961 149282 12287 12288 149286
141962 149281 149282 149286 149285
141963 149280 149281 149285 149284
141964 149279 149280 149284 149283
141965 143808 149279 149283 143809
142261 149278 12286 12287 149282
142262 149277 149278 149282 149281
142263 149276 149277 149281 149280
142264 149275 149276 149280 149279
142265 143807 149275 149279 143808
142561 149274 12285 12286 149278
142562 149273 149274 149278 149277
142563 149272 149273 149277 149276
142564 149271 149272 149276 149275
142565 143806 149271 149275 143807
142861 149270 12284 12285 149274
142862 149269 149270 149274 149273
142863 149268 149269 149273 149272
142864 149267 149268 149272 149271
142865 143805 149267 149271 143806
143161 149266 12283 12284 149270
143162 149265 149266 149270 149269
143163 149264 149265 149269 149268
143164 149263 149264 149268 149267
143165 143804 149263 149267 143805
143461 146143 4663 12283 149266
143462 146144 146143 149266 149265
143463 146145 146144 149265 149264
143464 146146 146145 149264 149263
143465 143803 146146 149263 143804
