      2460
2029 166 167 2658 2657
2030 167 168 2659 2658
2031 168 169 2660 2659
2032 169 170 2661 2660
2033 170 171 2662 2661
2034 171 172 2663 2662
2035 172 173 2664 2663
2036 173 174 2665 2664
2037 174 175 2666 2665
2038 175 176 2667 2666
2039 176 177 2668 2667
2040 177 178 2669 2668
2041 178 179 2670 2669
2042 179 180 2671 2670
2043 180 181 2672 2671
2044 181 182 2673 2672
2045 182 183 2674 2673
2046 183 184 2675 2674
2047 184 185 2676 2675
2048 185 186 2677 2676
2049 186 187 2678 2677
2050 187 188 2679 2678
2051 188 189 2680 2679
2052 189 190 2681 2680
2053 190 191 2682 2681
2054 191 192 2683 2682
2055 192 193 2684 2683
2056 193 194 2685 2684
2057 194 195 2686 2685
2058 195 196 2687 2686
2059 196 197 2688 2687
2060 197 198 2689 2688
2061 198 199 2690 2689
2108 199 104 2504 2690
2234 165 166 2657 2598
4263 2657 2658 2692 2691
4264 2658 2659 2693 2692
4265 2659 2660 2694 2693
4266 2660 2661 2695 2694
4267 2661 2662 2696 2695
4268 2662 2663 2697 2696
4269 2663 2664 2698 2697
4270 2664 2665 2699 2698
4271 2665 2666 2700 2699
4272 2666 2667 2701 2700
4273 2667 2668 2702 2701
4274 2668 2669 2703 2702
4275 2669 2670 2704 2703
4276 2670 2671 2705 2704
4277 2671 2672 2706 2705
4278 2672 2673 2707 2706
4279 2673 2674 2708 2707
4280 2674 2675 2709 2708
4281 2675 2676 2710 2709
4282 2676 2677 2711 2710
4283 2677 2678 2712 2711
4284 2678 2679 2713 2712
4285 2679 2680 2714 2713
4286 2680 2681 2715 2714
4287 2681 2682 2716 2715
4288 2682 2683 2717 2716
4289 2683 2684 2718 2717
4290 2684 2685 2719 2718
4291 2685 2686 2720 2719
4292 2686 2687 2721 2720
4293 2687 2688 2722 2721
4294 2688 2689 2723 2722
4295 2689 2690 2724 2723
4342 2690 2504 2505 2724
4468 2598 2657 2691 2599
6497 2691 2692 2726 2725
6498 2692 2693 2727 2726
6499 2693 2694 2728 2727
6500 2694 2695 2729 2728
6501 2695 2696 2730 2729
6502 2696 2697 2731 2730
6503 2697 2698 2732 2731
6504 2698 2699 2733 2732
6505 2699 2700 2734 2733
6506 2700 2701 2735 2734
6507 2701 2702 2736 2735
6508 2702 2703 2737 2736
6509 2703 2704 2738 2737
6510 2704 2705 2739 2738
6511 2705 2706 2740 2739
6512 2706 2707 2741 2740
6513 2707 2708 2742 2741
6514 2708 2709 2743 2742
6515 2709 2710 2744 2743
6516 2710 2711 2745 2744
6517 2711 2712 2746 2745
6518 2712 2713 2747 2746
6519 2713 2714 2748 2747
6520 2714 2715 2749 2748
6521 2715 2716 2750 2749
6522 2716 2717 2751 2750
6523 2717 2718 2752 2751
6524 2718 2719 2753 2752
6525 2719 2720 2754 2753
6526 2720 2721 2755 2754
6527 2721 2722 2756 2755
6528 2722 2723 2757 2756
6529 2723 2724 2758 2757
6576 2724 2505 2506 2758
6702 2599 2691 2725 2600
8731 2725 2726 2760 2759
8732 2726 2727 2761 2760
8733 2727 2728 2762 2761
8734 2728 2729 2763 2762
8735 2729 2730 2764 2763
8736 2730 2731 2765 2764
8737 2731 2732 2766 2765
8738 2732 2733 2767 2766
8739 2733 2734 2768 2767
8740 2734 2735 2769 2768
8741 2735 2736 2770 2769
8742 2736 2737 2771 2770
8743 2737 2738 2772 2771
8744 2738 2739 2773 2772
8745 2739 2740 2774 2773
8746 2740 2741 2775 2774
8747 2741 2742 2776 2775
8748 2742 2743 2777 2776
8749 2743 2744 2778 2777
8750 2744 2745 2779 2778
8751 2745 2746 2780 2779
8752 2746 2747 2781 2780
8753 2747 2748 2782 2781
8754 2748 2749 2783 2782
8755 2749 2750 2784 2783
8756 2750 2751 2785 2784
8757 2751 2752 2786 2785
8758 2752 2753 2787 2786
8759 2753 2754 2788 2787
8760 2754 2755 2789 2788
8761 2755 2756 2790 2789
8762 2756 2757 2791 2790
8763 2757 2758 2792 2791
8810 2758 2506 2507 2792
8936 2600 2725 2759 2601
10965 2759 2760 2794 2793
10966 2760 2761 2795 2794
10967 2761 2762 2796 2795
10968 2762 2763 2797 2796
10969 2763 2764 2798 2797
10970 2764 2765 2799 2798
10971 2765 2766 2800 2799
10972 2766 2767 2801 2800
10973 2767 2768 2802 2801
10974 2768 2769 2803 2802
10975 2769 2770 2804 2803
10976 2770 2771 2805 2804
10977 2771 2772 2806 2805
10978 2772 2773 2807 2806
10979 2773 2774 2808 2807
10980 2774 2775 2809 2808
10981 2775 2776 2810 2809
10982 2776 2777 2811 2810
10983 2777 2778 2812 2811
10984 2778 2779 2813 2812
10985 2779 2780 2814 2813
10986 2780 2781 2815 2814
10987 2781 2782 2816 2815
10988 2782 2783 2817 2816
10989 2783 2784 2818 2817
10990 2784 2785 2819 2818
10991 2785 2786 2820 2819
10992 2786 2787 2821 2820
10993 2787 2788 2822 2821
10994 2788 2789 2823 2822
10995 2789 2790 2824 2823
10996 2790 2791 2825 2824
10997 2791 2792 2826 2825
11044 2792 2507 2508 2826
11170 2601 2759 2793 2602
13199 2793 2794 2828 2827
13200 2794 2795 2829 2828
13201 2795 2796 2830 2829
13202 2796 2797 2831 2830
13203 2797 2798 2832 2831
13204 2798 2799 2833 2832
13205 2799 2800 2834 2833
13206 2800 2801 2835 2834
13207 2801 2802 2836 2835
13208 2802 2803 2837 2836
13209 2803 2804 2838 2837
13210 2804 2805 2839 2838
13211 2805 2806 2840 2839
13212 2806 2807 2841 2840
13213 2807 2808 2842 2841
13214 2808 2809 2843 2842
13215 2809 2810 2844 2843
13216 2810 2811 2845 2844
13217 2811 2812 2846 2845
13218 2812 2813 2847 2846
13219 2813 2814 2848 2847
13220 2814 2815 2849 2848
13221 2815 2816 2850 2849
13222 2816 2817 2851 2850
13223 2817 2818 2852 2851
13224 2818 2819 2853 2852
13225 2819 2820 2854 2853
13226 2820 2821 2855 2854
13227 2821 2822 2856 2855
13228 2822 2823 2857 2856
13229 2823 2824 2858 2857
13230 2824 2825 2859 2858
13231 2825 2826 2860 2859
13278 2826 2508 2509 2860
13404 2602 2793 2827 2603
15433 2827 2828 2862 2861
15434 2828 2829 2863 2862
15435 2829 2830 2864 2863
15436 2830 2831 2865 2864
15437 2831 2832 2866 2865
15438 2832 2833 2867 2866
15439 2833 2834 2868 2867
15440 2834 2835 2869 2868
15441 2835 2836 2870 2869
15442 2836 2837 2871 2870
15443 2837 2838 2872 2871
15444 2838 2839 2873 2872
15445 2839 2840 2874 2873
15446 2840 2841 2875 2874
15447 2841 2842 2876 2875
15448 2842 2843 2877 2876
15449 2843 2844 2878 2877
15450 2844 2845 2879 2878
15451 2845 2846 2880 2879
15452 2846 2847 2881 2880
15453 2847 2848 2882 2881
15454 2848 2849 2883 2882
15455 2849 2850 2884 2883
15456 2850 2851 2885 2884
15457 2851 2852 2886 2885
15458 2852 2853 2887 2886
15459 2853 2854 2888 2887
15460 2854 2855 2889 2888
15461 2855 2856 2890 2889
15462 2856 2857 2891 2890
15463 2857 2858 2892 2891
15464 2858 2859 2893 2892
15465 2859 2860 2894 2893
15512 2860 2509 2510 2894
15638 2603 2827 2861 2604
17667 2861 2862 2896 2895
17668 2862 2863 2897 2896
17669 2863 2864 2898 2897
17670 2864 2865 2899 2898
17671 2865 2866 2900 2899
17672 2866 2867 2901 2900
17673 2867 2868 2902 2901
17674 2868 2869 2903 2902
17675 2869 2870 2904 2903
17676 2870 2871 2905 2904
17677 2871 2872 2906 2905
17678 2872 2873 2907 2906
17679 2873 2874 2908 2907
17680 2874 2875 2909 2908
17681 2875 2876 2910 2909
17682 2876 2877 2911 2910
17683 2877 2878 2912 2911
17684 2878 2879 2913 2912
17685 2879 2880 2914 2913
17686 2880 2881 2915 2914
17687 2881 2882 2916 2915
17688 2882 2883 2917 2916
17689 2883 2884 2918 2917
17690 2884 2885 2919 2918
17691 2885 2886 2920 2919
17692 2886 2887 2921 2920
17693 2887 2888 2922 2921
17694 2888 2889 2923 2922
17695 2889 2890 2924 2923
17696 2890 2891 2925 2924
17697 2891 2892 2926 2925
17698 2892 2893 2927 2926
17699 2893 2894 2928 2927
17746 2894 2510 2511 2928
17872 2604 2861 2895 2605
19901 2895 2896 2930 2929
19902 2896 2897 2931 2930
19903 2897 2898 2932 2931
19904 2898 2899 2933 2932
19905 2899 2900 2934 2933
19906 2900 2901 2935 2934
19907 2901 2902 2936 2935
19908 2902 2903 2937 2936
19909 2903 2904 2938 2937
19910 2904 2905 2939 2938
19911 2905 2906 2940 2939
19912 2906 2907 2941 2940
19913 2907 2908 2942 2941
19914 2908 2909 2943 2942
19915 2909 2910 2944 2943
19916 2910 2911 2945 2944
19917 2911 2912 2946 2945
19918 2912 2913 2947 2946
19919 2913 2914 2948 2947
19920 2914 2915 2949 2948
19921 2915 2916 2950 2949
19922 2916 2917 2951 2950
19923 2917 2918 2952 2951
19924 2918 2919 2953 2952
19925 2919 2920 2954 2953
19926 2920 2921 2955 2954
19927 2921 2922 2956 2955
19928 2922 2923 2957 2956
19929 2923 2924 2958 2957
19930 2924 2925 2959 2958
19931 2925 2926 2960 2959
19932 2926 2927 2961 2960
19933 2927 2928 2962 2961
19980 2928 2511 2512 2962
20106 2605 2895 2929 2606
22135 2929 2930 2964 2963
22136 2930 2931 2965 2964
22137 2931 2932 2966 2965
22138 2932 2933 2967 2966
22139 2933 2934 2968 2967
22140 2934 2935 2969 2968
22141 2935 2936 2970 2969
22142 2936 2937 2971 2970
22143 2937 2938 2972 2971
22144 2938 2939 2973 2972
22145 2939 2940 2974 2973
22146 2940 2941 2975 2974
22147 2941 2942 2976 2975
22148 2942 2943 2977 2976
22149 2943 2944 2978 2977
22150 2944 2945 2979 2978
22151 2945 2946 2980 2979
22152 2946 2947 2981 2980
22153 2947 2948 2982 2981
22154 2948 2949 2983 2982
22155 2949 2950 2984 2983
22156 2950 2951 2985 2984
22157 2951 2952 2986 2985
22158 2952 2953 2987 2986
22159 2953 2954 2988 2987
22160 2954 2955 2989 2988
22161 2955 2956 2990 2989
22162 2956 2957 2991 2990
22163 2957 2958 2992 2991
22164 2958 2959 2993 2992
22165 2959 2960 2994 2993
22166 2960 2961 2995 2994
22167 2961 2962 2996 2995
22214 2962 2512 2513 2996
22340 2606 2929 2963 2607
24369 2963 2964 2998 2997
24370 2964 2965 2999 2998
24371 2965 2966 3000 2999
24372 2966 2967 3001 3000
24373 2967 2968 3002 3001
24374 2968 2969 3003 3002
24375 2969 2970 3004 3003
24376 2970 2971 3005 3004
24377 2971 2972 3006 3005
24378 2972 2973 3007 3006
24379 2973 2974 3008 3007
24380 2974 2975 3009 3008
24381 2975 2976 3010 3009
24382 2976 2977 3011 3010
24383 2977 2978 3012 3011
24384 2978 2979 3013 3012
24385 2979 2980 3014 3013
24386 2980 2981 3015 3014
24387 2981 2982 3016 3015
24388 2982 2983 3017 3016
24389 2983 2984 3018 3017
24390 2984 2985 3019 3018
24391 2985 2986 3020 3019
24392 2986 2987 3021 3020
24393 2987 2988 3022 3021
24394 2988 2989 3023 3022
24395 2989 2990 3024 3023
24396 2990 2991 3025 3024
24397 2991 2992 3026 3025
24398 2992 2993 3027 3026
24399 2993 2994 3028 3027
24400 2994 2995 3029 3028
24401 2995 2996 3030 3029
24448 2996 2513 2514 3030
24574 2607 2963 2997 2608
26603 2997 2998 3032 3031
26604 2998 2999 3033 3032
26605 2999 3000 3034 3033
26606 3000 3001 3035 3034
26607 3001 3002 3036 3035
26608 3002 3003 3037 3036
26609 3003 3004 3038 3037
26610 3004 3005 3039 3038
26611 3005 3006 3040 3039
26612 3006 3007 3041 3040
26613 3007 3008 3042 3041
26614 3008 3009 3043 3042
26615 3009 3010 3044 3043
26616 3010 3011 3045 3044
26617 3011 3012 3046 3045
26618 3012 3013 3047 3046
26619 3013 3014 3048 3047
26620 3014 3015 3049 3048
26621 3015 3016 3050 3049
26622 3016 3017 3051 3050
26623 3017 3018 3052 3051
26624 3018 3019 3053 3052
26625 3019 3020 3054 3053
26626 3020 3021 3055 3054
26627 3021 3022 3056 3055
26628 3022 3023 3057 3056
26629 3023 3024 3058 3057
26630 3024 3025 3059 3058
26631 3025 3026 3060 3059
26632 3026 3027 3061 3060
26633 3027 3028 3062 3061
26634 3028 3029 3063 3062
26635 3029 3030 3064 3063
26682 3030 2514 2515 3064
26808 2608 2997 3031 2609
28837 3031 3032 3066 3065
28838 3032 3033 3067 3066
28839 3033 3034 3068 3067
28840 3034 3035 3069 3068
28841 3035 3036 3070 3069
28842 3036 3037 3071 3070
28843 3037 3038 3072 3071
28844 3038 3039 3073 3072
28845 3039 3040 3074 3073
28846 3040 3041 3075 3074
28847 3041 3042 3076 3075
28848 3042 3043 3077 3076
28849 3043 3044 3078 3077
28850 3044 3045 3079 3078
28851 3045 3046 3080 3079
28852 3046 3047 3081 3080
28853 3047 3048 3082 3081
28854 3048 3049 3083 3082
28855 3049 3050 3084 3083
28856 3050 3051 3085 3084
28857 3051 3052 3086 3085
28858 3052 3053 3087 3086
28859 3053 3054 3088 3087
28860 3054 3055 3089 3088
28861 3055 3056 3090 3089
28862 3056 3057 3091 3090
28863 3057 3058 3092 3091
28864 3058 3059 3093 3092
28865 3059 3060 3094 3093
28866 3060 3061 3095 3094
28867 3061 3062 3096 3095
28868 3062 3063 3097 3096
28869 3063 3064 3098 3097
28916 3064 2515 2516 3098
29042 2609 3031 3065 2610
31071 3065 3066 3100 3099
31072 3066 3067 3101 3100
31073 3067 3068 3102 3101
31074 3068 3069 3103 3102
31075 3069 3070 3104 3103
31076 3070 3071 3105 3104
31077 3071 3072 3106 3105
31078 3072 3073 3107 3106
31079 3073 3074 3108 3107
31080 3074 3075 3109 3108
31081 3075 3076 3110 3109
31082 3076 3077 3111 3110
31083 3077 3078 3112 3111
31084 3078 3079 3113 3112
31085 3079 3080 3114 3113
31086 3080 3081 3115 3114
31087 3081 3082 3116 3115
31088 3082 3083 3117 3116
31089 3083 3084 3118 3117
31090 3084 3085 3119 3118
31091 3085 3086 3120 3119
31092 3086 3087 3121 3120
31093 3087 3088 3122 3121
31094 3088 3089 3123 3122
31095 3089 3090 3124 3123
31096 3090 3091 3125 3124
31097 3091 3092 3126 3125
31098 3092 3093 3127 3126
31099 3093 3094 3128 3127
31100 3094 3095 3129 3128
31101 3095 3096 3130 3129
31102 3096 3097 3131 3130
31103 3097 3098 3132 3131
31150 3098 2516 2517 3132
31276 2610 3065 3099 2611
33305 3099 3100 3134 3133
33306 3100 3101 3135 3134
33307 3101 3102 3136 3135
33308 3102 3103 3137 3136
33309 3103 3104 3138 3137
33310 3104 3105 3139 3138
33311 3105 3106 3140 3139
33312 3106 3107 3141 3140
33313 3107 3108 3142 3141
33314 3108 3109 3143 3142
33315 3109 3110 3144 3143
33316 3110 3111 3145 3144
33317 3111 3112 3146 3145
33318 3112 3113 3147 3146
33319 3113 3114 3148 3147
33320 3114 3115 3149 3148
33321 3115 3116 3150 3149
33322 3116 3117 3151 3150
33323 3117 3118 3152 3151
33324 3118 3119 3153 3152
33325 3119 3120 3154 3153
33326 3120 3121 3155 3154
33327 3121 3122 3156 3155
33328 3122 3123 3157 3156
33329 3123 3124 3158 3157
33330 3124 3125 3159 3158
33331 3125 3126 3160 3159
33332 3126 3127 3161 3160
33333 3127 3128 3162 3161
33334 3128 3129 3163 3162
33335 3129 3130 3164 3163
33336 3130 3131 3165 3164
33337 3131 3132 3166 3165
33384 3132 2517 2518 3166
33510 2611 3099 3133 2612
35539 3133 3134 3168 3167
35540 3134 3135 3169 3168
35541 3135 3136 3170 3169
35542 3136 3137 3171 3170
35543 3137 3138 3172 3171
35544 3138 3139 3173 3172
35545 3139 3140 3174 3173
35546 3140 3141 3175 3174
35547 3141 3142 3176 3175
35548 3142 3143 3177 3176
35549 3143 3144 3178 3177
35550 3144 3145 3179 3178
35551 3145 3146 3180 3179
35552 3146 3147 3181 3180
35553 3147 3148 3182 3181
35554 3148 3149 3183 3182
35555 3149 3150 3184 3183
35556 3150 3151 3185 3184
35557 3151 3152 3186 3185
35558 3152 3153 3187 3186
35559 3153 3154 3188 3187
35560 3154 3155 3189 3188
35561 3155 3156 3190 3189
35562 3156 3157 3191 3190
35563 3157 3158 3192 3191
35564 3158 3159 3193 3192
35565 3159 3160 3194 3193
35566 3160 3161 3195 3194
35567 3161 3162 3196 3195
35568 3162 3163 3197 3196
35569 3163 3164 3198 3197
35570 3164 3165 3199 3198
35571 3165 3166 3200 3199
35618 3166 2518 2519 3200
35744 2612 3133 3167 2613
37773 3167 3168 3202 3201
37774 3168 3169 3203 3202
37775 3169 3170 3204 3203
37776 3170 3171 3205 3204
37777 3171 3172 3206 3205
37778 3172 3173 3207 3206
37779 3173 3174 3208 3207
37780 3174 3175 3209 3208
37781 3175 3176 3210 3209
37782 3176 3177 3211 3210
37783 3177 3178 3212 3211
37784 3178 3179 3213 3212
37785 3179 3180 3214 3213
37786 3180 3181 3215 3214
37787 3181 3182 3216 3215
37788 3182 3183 3217 3216
37789 3183 3184 3218 3217
37790 3184 3185 3219 3218
37791 3185 3186 3220 3219
37792 3186 3187 3221 3220
37793 3187 3188 3222 3221
37794 3188 3189 3223 3222
37795 3189 3190 3224 3223
37796 3190 3191 3225 3224
37797 3191 3192 3226 3225
37798 3192 3193 3227 3226
37799 3193 3194 3228 3227
37800 3194 3195 3229 3228
37801 3195 3196 3230 3229
37802 3196 3197 3231 3230
37803 3197 3198 3232 3231
37804 3198 3199 3233 3232
37805 3199 3200 3234 3233
37852 3200 2519 2520 3234
37978 2613 3167 3201 2614
40007 3201 3202 3236 3235
40008 3202 3203 3237 3236
40009 3203 3204 3238 3237
40010 3204 3205 3239 3238
40011 3205 3206 3240 3239
40012 3206 3207 3241 3240
40013 3207 3208 3242 3241
40014 3208 3209 3243 3242
40015 3209 3210 3244 3243
40016 3210 3211 3245 3244
40017 3211 3212 3246 3245
40018 3212 3213 3247 3246
40019 3213 3214 3248 3247
40020 3214 3215 3249 3248
40021 3215 3216 3250 3249
40022 3216 3217 3251 3250
40023 3217 3218 3252 3251
40024 3218 3219 3253 3252
40025 3219 3220 3254 3253
40026 3220 3221 3255 3254
40027 3221 3222 3256 3255
40028 3222 3223 3257 3256
40029 3223 3224 3258 3257
40030 3224 3225 3259 3258
40031 3225 3226 3260 3259
40032 3226 3227 3261 3260
40033 3227 3228 3262 3261
40034 3228 3229 3263 3262
40035 3229 3230 3264 3263
40036 3230 3231 3265 3264
40037 3231 3232 3266 3265
40038 3232 3233 3267 3266
40039 3233 3234 3268 3267
40086 3234 2520 2521 3268
40212 2614 3201 3235 2615
42241 3235 3236 3270 3269
42242 3236 3237 3271 3270
42243 3237 3238 3272 3271
42244 3238 3239 3273 3272
42245 3239 3240 3274 3273
42246 3240 3241 3275 3274
42247 3241 3242 3276 3275
42248 3242 3243 3277 3276
42249 3243 3244 3278 3277
42250 3244 3245 3279 3278
42251 3245 3246 3280 3279
42252 3246 3247 3281 3280
42253 3247 3248 3282 3281
42254 3248 3249 3283 3282
42255 3249 3250 3284 3283
42256 3250 3251 3285 3284
42257 3251 3252 3286 3285
42258 3252 3253 3287 3286
42259 3253 3254 3288 3287
42260 3254 3255 3289 3288
42261 3255 3256 3290 3289
42262 3256 3257 3291 3290
42263 3257 3258 3292 3291
42264 3258 3259 3293 3292
42265 3259 3260 3294 3293
42266 3260 3261 3295 3294
42267 3261 3262 3296 3295
42268 3262 3263 3297 3296
42269 3263 3264 3298 3297
42270 3264 3265 3299 3298
42271 3265 3266 3300 3299
42272 3266 3267 3301 3300
42273 3267 3268 3302 3301
42320 3268 2521 2522 3302
42446 2615 3235 3269 2616
44475 3269 3270 3304 3303
44476 3270 3271 3305 3304
44477 3271 3272 3306 3305
44478 3272 3273 3307 3306
44479 3273 3274 3308 3307
44480 3274 3275 3309 3308
44481 3275 3276 3310 3309
44482 3276 3277 3311 3310
44483 3277 3278 3312 3311
44484 3278 3279 3313 3312
44485 3279 3280 3314 3313
44486 3280 3281 3315 3314
44487 3281 3282 3316 3315
44488 3282 3283 3317 3316
44489 3283 3284 3318 3317
44490 3284 3285 3319 3318
44491 3285 3286 3320 3319
44492 3286 3287 3321 3320
44493 3287 3288 3322 3321
44494 3288 3289 3323 3322
44495 3289 3290 3324 3323
44496 3290 3291 3325 3324
44497 3291 3292 3326 3325
44498 3292 3293 3327 3326
44499 3293 3294 3328 3327
44500 3294 3295 3329 3328
44501 3295 3296 3330 3329
44502 3296 3297 3331 3330
44503 3297 3298 3332 3331
44504 3298 3299 3333 3332
44505 3299 3300 3334 3333
44506 3300 3301 3335 3334
44507 3301 3302 3336 3335
44554 3302 2522 2523 3336
44680 2616 3269 3303 2617
46709 3303 3304 3338 3337
46710 3304 3305 3339 3338
46711 3305 3306 3340 3339
46712 3306 3307 3341 3340
46713 3307 3308 3342 3341
46714 3308 3309 3343 3342
46715 3309 3310 3344 3343
46716 3310 3311 3345 3344
46717 3311 3312 3346 3345
46718 3312 3313 3347 3346
46719 3313 3314 3348 3347
46720 3314 3315 3349 3348
46721 3315 3316 3350 3349
46722 3316 3317 3351 3350
46723 3317 3318 3352 3351
46724 3318 3319 3353 3352
46725 3319 3320 3354 3353
46726 3320 3321 3355 3354
46727 3321 3322 3356 3355
46728 3322 3323 3357 3356
46729 3323 3324 3358 3357
46730 3324 3325 3359 3358
46731 3325 3326 3360 3359
46732 3326 3327 3361 3360
46733 3327 3328 3362 3361
46734 3328 3329 3363 3362
46735 3329 3330 3364 3363
46736 3330 3331 3365 3364
46737 3331 3332 3366 3365
46738 3332 3333 3367 3366
46739 3333 3334 3368 3367
46740 3334 3335 3369 3368
46741 3335 3336 3370 3369
46788 3336 2523 2524 3370
46914 2617 3303 3337 2618
48943 3337 3338 3372 3371
48944 3338 3339 3373 3372
48945 3339 3340 3374 3373
48946 3340 3341 3375 3374
48947 3341 3342 3376 3375
48948 3342 3343 3377 3376
48949 3343 3344 3378 3377
48950 3344 3345 3379 3378
48951 3345 3346 3380 3379
48952 3346 3347 3381 3380
48953 3347 3348 3382 3381
48954 3348 3349 3383 3382
48955 3349 3350 3384 3383
48956 3350 3351 3385 3384
48957 3351 3352 3386 3385
48958 3352 3353 3387 3386
48959 3353 3354 3388 3387
48960 3354 3355 3389 3388
48961 3355 3356 3390 3389
48962 3356 3357 3391 3390
48963 3357 3358 3392 3391
48964 3358 3359 3393 3392
48965 3359 3360 3394 3393
48966 3360 3361 3395 3394
48967 3361 3362 3396 3395
48968 3362 3363 3397 3396
48969 3363 3364 3398 3397
48970 3364 3365 3399 3398
48971 3365 3366 3400 3399
48972 3366 3367 3401 3400
48973 3367 3368 3402 3401
48974 3368 3369 3403 3402
48975 3369 3370 3404 3403
49022 3370 2524 2525 3404
49148 2618 3337 3371 2619
51177 3371 3372 3406 3405
51178 3372 3373 3407 3406
51179 3373 3374 3408 3407
51180 3374 3375 3409 3408
51181 3375 3376 3410 3409
51182 3376 3377 3411 3410
51183 3377 3378 3412 3411
51184 3378 3379 3413 3412
51185 3379 3380 3414 3413
51186 3380 3381 3415 3414
51187 3381 3382 3416 3415
51188 3382 3383 3417 3416
51189 3383 3384 3418 3417
51190 3384 3385 3419 3418
51191 3385 3386 3420 3419
51192 3386 3387 3421 3420
51193 3387 3388 3422 3421
51194 3388 3389 3423 3422
51195 3389 3390 3424 3423
51196 3390 3391 3425 3424
51197 3391 3392 3426 3425
51198 3392 3393 3427 3426
51199 3393 3394 3428 3427
51200 3394 3395 3429 3428
51201 3395 3396 3430 3429
51202 3396 3397 3431 3430
51203 3397 3398 3432 3431
51204 3398 3399 3433 3432
51205 3399 3400 3434 3433
51206 3400 3401 3435 3434
51207 3401 3402 3436 3435
51208 3402 3403 3437 3436
51209 3403 3404 3438 3437
51256 3404 2525 2526 3438
51382 2619 3371 3405 2620
53411 3405 3406 3440 3439
53412 3406 3407 3441 3440
53413 3407 3408 3442 3441
53414 3408 3409 3443 3442
53415 3409 3410 3444 3443
53416 3410 3411 3445 3444
53417 3411 3412 3446 3445
53418 3412 3413 3447 3446
53419 3413 3414 3448 3447
53420 3414 3415 3449 3448
53421 3415 3416 3450 3449
53422 3416 3417 3451 3450
53423 3417 3418 3452 3451
53424 3418 3419 3453 3452
53425 3419 3420 3454 3453
53426 3420 3421 3455 3454
53427 3421 3422 3456 3455
53428 3422 3423 3457 3456
53429 3423 3424 3458 3457
53430 3424 3425 3459 3458
53431 3425 3426 3460 3459
53432 3426 3427 3461 3460
53433 3427 3428 3462 3461
53434 3428 3429 3463 3462
53435 3429 3430 3464 3463
53436 3430 3431 3465 3464
53437 3431 3432 3466 3465
53438 3432 3433 3467 3466
53439 3433 3434 3468 3467
53440 3434 3435 3469 3468
53441 3435 3436 3470 3469
53442 3436 3437 3471 3470
53443 3437 3438 3472 3471
53490 3438 2526 2527 3472
53616 2620 3405 3439 2621
55645 3439 3440 3474 3473
55646 3440 3441 3475 3474
55647 3441 3442 3476 3475
55648 3442 3443 3477 3476
55649 3443 3444 3478 3477
55650 3444 3445 3479 3478
55651 3445 3446 3480 3479
55652 3446 3447 3481 3480
55653 3447 3448 3482 3481
55654 3448 3449 3483 3482
55655 3449 3450 3484 3483
55656 3450 3451 3485 3484
55657 3451 3452 3486 3485
55658 3452 3453 3487 3486
55659 3453 3454 3488 3487
55660 3454 3455 3489 3488
55661 3455 3456 3490 3489
55662 3456 3457 3491 3490
55663 3457 3458 3492 3491
55664 3458 3459 3493 3492
55665 3459 3460 3494 3493
55666 3460 3461 3495 3494
55667 3461 3462 3496 3495
55668 3462 3463 3497 3496
55669 3463 3464 3498 3497
55670 3464 3465 3499 3498
55671 3465 3466 3500 3499
55672 3466 3467 3501 3500
55673 3467 3468 3502 3501
55674 3468 3469 3503 3502
55675 3469 3470 3504 3503
55676 3470 3471 3505 3504
55677 3471 3472 3506 3505
55724 3472 2527 2528 3506
55850 2621 3439 3473 2622
57879 3473 3474 3508 3507
57880 3474 3475 3509 3508
57881 3475 3476 3510 3509
57882 3476 3477 3511 3510
57883 3477 3478 3512 3511
57884 3478 3479 3513 3512
57885 3479 3480 3514 3513
57886 3480 3481 3515 3514
57887 3481 3482 3516 3515
57888 3482 3483 3517 3516
57889 3483 3484 3518 3517
57890 3484 3485 3519 3518
57891 3485 3486 3520 3519
57892 3486 3487 3521 3520
57893 3487 3488 3522 3521
57894 3488 3489 3523 3522
57895 3489 3490 3524 3523
57896 3490 3491 3525 3524
57897 3491 3492 3526 3525
57898 3492 3493 3527 3526
57899 3493 3494 3528 3527
57900 3494 3495 3529 3528
57901 3495 3496 3530 3529
57902 3496 3497 3531 3530
57903 3497 3498 3532 3531
57904 3498 3499 3533 3532
57905 3499 3500 3534 3533
57906 3500 3501 3535 3534
57907 3501 3502 3536 3535
57908 3502 3503 3537 3536
57909 3503 3504 3538 3537
57910 3504 3505 3539 3538
57911 3505 3506 3540 3539
57958 3506 2528 2529 3540
58084 2622 3473 3507 2623
60113 3507 3508 3542 3541
60114 3508 3509 3543 3542
60115 3509 3510 3544 3543
60116 3510 3511 3545 3544
60117 3511 3512 3546 3545
60118 3512 3513 3547 3546
60119 3513 3514 3548 3547
60120 3514 3515 3549 3548
60121 3515 3516 3550 3549
60122 3516 3517 3551 3550
60123 3517 3518 3552 3551
60124 3518 3519 3553 3552
60125 3519 3520 3554 3553
60126 3520 3521 3555 3554
60127 3521 3522 3556 3555
60128 3522 3523 3557 3556
60129 3523 3524 3558 3557
60130 3524 3525 3559 3558
60131 3525 3526 3560 3559
60132 3526 3527 3561 3560
60133 3527 3528 3562 3561
60134 3528 3529 3563 3562
60135 3529 3530 3564 3563
60136 3530 3531 3565 3564
60137 3531 3532 3566 3565
60138 3532 3533 3567 3566
60139 3533 3534 3568 3567
60140 3534 3535 3569 3568
60141 3535 3536 3570 3569
60142 3536 3537 3571 3570
60143 3537 3538 3572 3571
60144 3538 3539 3573 3572
60145 3539 3540 3574 3573
60192 3540 2529 2530 3574
60318 2623 3507 3541 2624
62347 3541 3542 3576 3575
62348 3542 3543 3577 3576
62349 3543 3544 3578 3577
62350 3544 3545 3579 3578
62351 3545 3546 3580 3579
62352 3546 3547 3581 3580
62353 3547 3548 3582 3581
62354 3548 3549 3583 3582
62355 3549 3550 3584 3583
62356 3550 3551 3585 3584
62357 3551 3552 3586 3585
62358 3552 3553 3587 3586
62359 3553 3554 3588 3587
62360 3554 3555 3589 3588
62361 3555 3556 3590 3589
62362 3556 3557 3591 3590
62363 3557 3558 3592 3591
62364 3558 3559 3593 3592
62365 3559 3560 3594 3593
62366 3560 3561 3595 3594
62367 3561 3562 3596 3595
62368 3562 3563 3597 3596
62369 3563 3564 3598 3597
62370 3564 3565 3599 3598
62371 3565 3566 3600 3599
62372 3566 3567 3601 3600
62373 3567 3568 3602 3601
62374 3568 3569 3603 3602
62375 3569 3570 3604 3603
62376 3570 3571 3605 3604
62377 3571 3572 3606 3605
62378 3572 3573 3607 3606
62379 3573 3574 3608 3607
62426 3574 2530 2531 3608
62552 2624 3541 3575 2625
64581 3575 3576 3610 3609
64582 3576 3577 3611 3610
64583 3577 3578 3612 3611
64584 3578 3579 3613 3612
64585 3579 3580 3614 3613
64586 3580 3581 3615 3614
64587 3581 3582 3616 3615
64588 3582 3583 3617 3616
64589 3583 3584 3618 3617
64590 3584 3585 3619 3618
64591 3585 3586 3620 3619
64592 3586 3587 3621 3620
64593 3587 3588 3622 3621
64594 3588 3589 3623 3622
64595 3589 3590 3624 3623
64596 3590 3591 3625 3624
64597 3591 3592 3626 3625
64598 3592 3593 3627 3626
64599 3593 3594 3628 3627
64600 3594 3595 3629 3628
64601 3595 3596 3630 3629
64602 3596 3597 3631 3630
64603 3597 3598 3632 3631
64604 3598 3599 3633 3632
64605 3599 3600 3634 3633
64606 3600 3601 3635 3634
64607 3601 3602 3636 3635
64608 3602 3603 3637 3636
64609 3603 3604 3638 3637
64610 3604 3605 3639 3638
64611 3605 3606 3640 3639
64612 3606 3607 3641 3640
64613 3607 3608 3642 3641
64660 3608 2531 2532 3642
64786 2625 3575 3609 2626
66815 3609 3610 3644 3643
66816 3610 3611 3645 3644
66817 3611 3612 3646 3645
66818 3612 3613 3647 3646
66819 3613 3614 3648 3647
66820 3614 3615 3649 3648
66821 3615 3616 3650 3649
66822 3616 3617 3651 3650
66823 3617 3618 3652 3651
66824 3618 3619 3653 3652
66825 3619 3620 3654 3653
66826 3620 3621 3655 3654
66827 3621 3622 3656 3655
66828 3622 3623 3657 3656
66829 3623 3624 3658 3657
66830 3624 3625 3659 3658
66831 3625 3626 3660 3659
66832 3626 3627 3661 3660
66833 3627 3628 3662 3661
66834 3628 3629 3663 3662
66835 3629 3630 3664 3663
66836 3630 3631 3665 3664
66837 3631 3632 3666 3665
66838 3632 3633 3667 3666
66839 3633 3634 3668 3667
66840 3634 3635 3669 3668
66841 3635 3636 3670 3669
66842 3636 3637 3671 3670
66843 3637 3638 3672 3671
66844 3638 3639 3673 3672
66845 3639 3640 3674 3673
66846 3640 3641 3675 3674
66847 3641 3642 3676 3675
66894 3642 2532 2533 3676
67020 2626 3609 3643 2627
69049 3643 3644 3678 3677
69050 3644 3645 3679 3678
69051 3645 3646 3680 3679
69052 3646 3647 3681 3680
69053 3647 3648 3682 3681
69054 3648 3649 3683 3682
69055 3649 3650 3684 3683
69056 3650 3651 3685 3684
69057 3651 3652 3686 3685
69058 3652 3653 3687 3686
69059 3653 3654 3688 3687
69060 3654 3655 3689 3688
69061 3655 3656 3690 3689
69062 3656 3657 3691 3690
69063 3657 3658 3692 3691
69064 3658 3659 3693 3692
69065 3659 3660 3694 3693
69066 3660 3661 3695 3694
69067 3661 3662 3696 3695
69068 3662 3663 3697 3696
69069 3663 3664 3698 3697
69070 3664 3665 3699 3698
69071 3665 3666 3700 3699
69072 3666 3667 3701 3700
69073 3667 3668 3702 3701
69074 3668 3669 3703 3702
69075 3669 3670 3704 3703
69076 3670 3671 3705 3704
69077 3671 3672 3706 3705
69078 3672 3673 3707 3706
69079 3673 3674 3708 3707
69080 3674 3675 3709 3708
69081 3675 3676 3710 3709
69128 3676 2533 2534 3710
69254 2627 3643 3677 2628
71283 3677 3678 3712 3711
71284 3678 3679 3713 3712
71285 3679 3680 3714 3713
71286 3680 3681 3715 3714
71287 3681 3682 3716 3715
71288 3682 3683 3717 3716
71289 3683 3684 3718 3717
71290 3684 3685 3719 3718
71291 3685 3686 3720 3719
71292 3686 3687 3721 3720
71293 3687 3688 3722 3721
71294 3688 3689 3723 3722
71295 3689 3690 3724 3723
71296 3690 3691 3725 3724
71297 3691 3692 3726 3725
71298 3692 3693 3727 3726
71299 3693 3694 3728 3727
71300 3694 3695 3729 3728
71301 3695 3696 3730 3729
71302 3696 3697 3731 3730
71303 3697 3698 3732 3731
71304 3698 3699 3733 3732
71305 3699 3700 3734 3733
71306 3700 3701 3735 3734
71307 3701 3702 3736 3735
71308 3702 3703 3737 3736
71309 3703 3704 3738 3737
71310 3704 3705 3739 3738
71311 3705 3706 3740 3739
71312 3706 3707 3741 3740
71313 3707 3708 3742 3741
71314 3708 3709 3743 3742
71315 3709 3710 3744 3743
71362 3710 2534 2535 3744
71488 2628 3677 3711 2629
73517 3711 3712 3746 3745
73518 3712 3713 3747 3746
73519 3713 3714 3748 3747
73520 3714 3715 3749 3748
73521 3715 3716 3750 3749
73522 3716 3717 3751 3750
73523 3717 3718 3752 3751
73524 3718 3719 3753 3752
73525 3719 3720 3754 3753
73526 3720 3721 3755 3754
73527 3721 3722 3756 3755
73528 3722 3723 3757 3756
73529 3723 3724 3758 3757
73530 3724 3725 3759 3758
73531 3725 3726 3760 3759
73532 3726 3727 3761 3760
73533 3727 3728 3762 3761
73534 3728 3729 3763 3762
73535 3729 3730 3764 3763
73536 3730 3731 3765 3764
73537 3731 3732 3766 3765
73538 3732 3733 3767 3766
73539 3733 3734 3768 3767
73540 3734 3735 3769 3768
73541 3735 3736 3770 3769
73542 3736 3737 3771 3770
73543 3737 3738 3772 3771
73544 3738 3739 3773 3772
73545 3739 3740 3774 3773
73546 3740 3741 3775 3774
73547 3741 3742 3776 3775
73548 3742 3743 3777 3776
73549 3743 3744 3778 3777
73596 3744 2535 2536 3778
73722 2629 3711 3745 2630
75751 3745 3746 3780 3779
75752 3746 3747 3781 3780
75753 3747 3748 3782 3781
75754 3748 3749 3783 3782
75755 3749 3750 3784 3783
75756 3750 3751 3785 3784
75757 3751 3752 3786 3785
75758 3752 3753 3787 3786
75759 3753 3754 3788 3787
75760 3754 3755 3789 3788
75761 3755 3756 3790 3789
75762 3756 3757 3791 3790
75763 3757 3758 3792 3791
75764 3758 3759 3793 3792
75765 3759 3760 3794 3793
75766 3760 3761 3795 3794
75767 3761 3762 3796 3795
75768 3762 3763 3797 3796
75769 3763 3764 3798 3797
75770 3764 3765 3799 3798
75771 3765 3766 3800 3799
75772 3766 3767 3801 3800
75773 3767 3768 3802 3801
75774 3768 3769 3803 3802
75775 3769 3770 3804 3803
75776 3770 3771 3805 3804
75777 3771 3772 3806 3805
75778 3772 3773 3807 3806
75779 3773 3774 3808 3807
75780 3774 3775 3809 3808
75781 3775 3776 3810 3809
75782 3776 3777 3811 3810
75783 3777 3778 3812 3811
75830 3778 2536 2537 3812
75956 2630 3745 3779 2631
77985 3779 3780 3814 3813
77986 3780 3781 3815 3814
77987 3781 3782 3816 3815
77988 3782 3783 3817 3816
77989 3783 3784 3818 3817
77990 3784 3785 3819 3818
77991 3785 3786 3820 3819
77992 3786 3787 3821 3820
77993 3787 3788 3822 3821
77994 3788 3789 3823 3822
77995 3789 3790 3824 3823
77996 3790 3791 3825 3824
77997 3791 3792 3826 3825
77998 3792 3793 3827 3826
77999 3793 3794 3828 3827
78000 3794 3795 3829 3828
78001 3795 3796 3830 3829
78002 3796 3797 3831 3830
78003 3797 3798 3832 3831
78004 3798 3799 3833 3832
78005 3799 3800 3834 3833
78006 3800 3801 3835 3834
78007 3801 3802 3836 3835
78008 3802 3803 3837 3836
78009 3803 3804 3838 3837
78010 3804 3805 3839 3838
78011 3805 3806 3840 3839
78012 3806 3807 3841 3840
78013 3807 3808 3842 3841
78014 3808 3809 3843 3842
78015 3809 3810 3844 3843
78016 3810 3811 3845 3844
78017 3811 3812 3846 3845
78064 3812 2537 2538 3846
78190 2631 3779 3813 2632
80219 3813 3814 3848 3847
80220 3814 3815 3849 3848
80221 3815 3816 3850 3849
80222 3816 3817 3851 3850
80223 3817 3818 3852 3851
80224 3818 3819 3853 3852
80225 3819 3820 3854 3853
80226 3820 3821 3855 3854
80227 3821 3822 3856 3855
80228 3822 3823 3857 3856
80229 3823 3824 3858 3857
80230 3824 3825 3859 3858
80231 3825 3826 3860 3859
80232 3826 3827 3861 3860
80233 3827 3828 3862 3861
80234 3828 3829 3863 3862
80235 3829 3830 3864 3863
80236 3830 3831 3865 3864
80237 3831 3832 3866 3865
80238 3832 3833 3867 3866
80239 3833 3834 3868 3867
80240 3834 3835 3869 3868
80241 3835 3836 3870 3869
80242 3836 3837 3871 3870
80243 3837 3838 3872 3871
80244 3838 3839 3873 3872
80245 3839 3840 3874 3873
80246 3840 3841 3875 3874
80247 3841 3842 3876 3875
80248 3842 3843 3877 3876
80249 3843 3844 3878 3877
80250 3844 3845 3879 3878
80251 3845 3846 3880 3879
80298 3846 2538 2539 3880
80424 2632 3813 3847 2633
82453 3847 3848 3882 3881
82454 3848 3849 3883 3882
82455 3849 3850 3884 3883
82456 3850 3851 3885 3884
82457 3851 3852 3886 3885
82458 3852 3853 3887 3886
82459 3853 3854 3888 3887
82460 3854 3855 3889 3888
82461 3855 3856 3890 3889
82462 3856 3857 3891 3890
82463 3857 3858 3892 3891
82464 3858 3859 3893 3892
82465 3859 3860 3894 3893
82466 3860 3861 3895 3894
82467 3861 3862 3896 3895
82468 3862 3863 3897 3896
82469 3863 3864 3898 3897
82470 3864 3865 3899 3898
82471 3865 3866 3900 3899
82472 3866 3867 3901 3900
82473 3867 3868 3902 3901
82474 3868 3869 3903 3902
82475 3869 3870 3904 3903
82476 3870 3871 3905 3904
82477 3871 3872 3906 3905
82478 3872 3873 3907 3906
82479 3873 3874 3908 3907
82480 3874 3875 3909 3908
82481 3875 3876 3910 3909
82482 3876 3877 3911 3910
82483 3877 3878 3912 3911
82484 3878 3879 3913 3912
82485 3879 3880 3914 3913
82532 3880 2539 2540 3914
82658 2633 3847 3881 2634
84687 3881 3882 3916 3915
84688 3882 3883 3917 3916
84689 3883 3884 3918 3917
84690 3884 3885 3919 3918
84691 3885 3886 3920 3919
84692 3886 3887 3921 3920
84693 3887 3888 3922 3921
84694 3888 3889 3923 3922
84695 3889 3890 3924 3923
84696 3890 3891 3925 3924
84697 3891 3892 3926 3925
84698 3892 3893 3927 3926
84699 3893 3894 3928 3927
84700 3894 3895 3929 3928
84701 3895 3896 3930 3929
84702 3896 3897 3931 3930
84703 3897 3898 3932 3931
84704 3898 3899 3933 3932
84705 3899 3900 3934 3933
84706 3900 3901 3935 3934
84707 3901 3902 3936 3935
84708 3902 3903 3937 3936
84709 3903 3904 3938 3937
84710 3904 3905 3939 3938
84711 3905 3906 3940 3939
84712 3906 3907 3941 3940
84713 3907 3908 3942 3941
84714 3908 3909 3943 3942
84715 3909 3910 3944 3943
84716 3910 3911 3945 3944
84717 3911 3912 3946 3945
84718 3912 3913 3947 3946
84719 3913 3914 3948 3947
84766 3914 2540 2541 3948
84892 2634 3881 3915 2635
86921 3915 3916 3950 3949
86922 3916 3917 3951 3950
86923 3917 3918 3952 3951
86924 3918 3919 3953 3952
86925 3919 3920 3954 3953
86926 3920 3921 3955 3954
86927 3921 3922 3956 3955
86928 3922 3923 3957 3956
86929 3923 3924 3958 3957
86930 3924 3925 3959 3958
86931 3925 3926 3960 3959
86932 3926 3927 3961 3960
86933 3927 3928 3962 3961
86934 3928 3929 3963 3962
86935 3929 3930 3964 3963
86936 3930 3931 3965 3964
86937 3931 3932 3966 3965
86938 3932 3933 3967 3966
86939 3933 3934 3968 3967
86940 3934 3935 3969 3968
86941 3935 3936 3970 3969
86942 3936 3937 3971 3970
86943 3937 3938 3972 3971
86944 3938 3939 3973 3972
86945 3939 3940 3974 3973
86946 3940 3941 3975 3974
86947 3941 3942 3976 3975
86948 3942 3943 3977 3976
86949 3943 3944 3978 3977
86950 3944 3945 3979 3978
86951 3945 3946 3980 3979
86952 3946 3947 3981 3980
86953 3947 3948 3982 3981
87000 3948 2541 2542 3982
87126 2635 3915 3949 2636
89155 3949 3950 3984 3983
89156 3950 3951 3985 3984
89157 3951 3952 3986 3985
89158 3952 3953 3987 3986
89159 3953 3954 3988 3987
89160 3954 3955 3989 3988
89161 3955 3956 3990 3989
89162 3956 3957 3991 3990
89163 3957 3958 3992 3991
89164 3958 3959 3993 3992
89165 3959 3960 3994 3993
89166 3960 3961 3995 3994
89167 3961 3962 3996 3995
89168 3962 3963 3997 3996
89169 3963 3964 3998 3997
89170 3964 3965 3999 3998
89171 3965 3966 4000 3999
89172 3966 3967 4001 4000
89173 3967 3968 4002 4001
89174 3968 3969 4003 4002
89175 3969 3970 4004 4003
89176 3970 3971 4005 4004
89177 3971 3972 4006 4005
89178 3972 3973 4007 4006
89179 3973 3974 4008 4007
89180 3974 3975 4009 4008
89181 3975 3976 4010 4009
89182 3976 3977 4011 4010
89183 3977 3978 4012 4011
89184 3978 3979 4013 4012
89185 3979 3980 4014 4013
89186 3980 3981 4015 4014
89187 3981 3982 4016 4015
89234 3982 2542 2543 4016
89360 2636 3949 3983 2637
91389 3983 3984 4018 4017
91390 3984 3985 4019 4018
91391 3985 3986 4020 4019
91392 3986 3987 4021 4020
91393 3987 3988 4022 4021
91394 3988 3989 4023 4022
91395 3989 3990 4024 4023
91396 3990 3991 4025 4024
91397 3991 3992 4026 4025
91398 3992 3993 4027 4026
91399 3993 3994 4028 4027
91400 3994 3995 4029 4028
91401 3995 3996 4030 4029
91402 3996 3997 4031 4030
91403 3997 3998 4032 4031
91404 3998 3999 4033 4032
91405 3999 4000 4034 4033
91406 4000 4001 4035 4034
91407 4001 4002 4036 4035
91408 4002 4003 4037 4036
91409 4003 4004 4038 4037
91410 4004 4005 4039 4038
91411 4005 4006 4040 4039
91412 4006 4007 4041 4040
91413 4007 4008 4042 4041
91414 4008 4009 4043 4042
91415 4009 4010 4044 4043
91416 4010 4011 4045 4044
91417 4011 4012 4046 4045
91418 4012 4013 4047 4046
91419 4013 4014 4048 4047
91420 4014 4015 4049 4048
91421 4015 4016 4050 4049
91468 4016 2543 2544 4050
91594 2637 3983 4017 2638
93623 4017 4018 4052 4051
93624 4018 4019 4053 4052
93625 4019 4020 4054 4053
93626 4020 4021 4055 4054
93627 4021 4022 4056 4055
93628 4022 4023 4057 4056
93629 4023 4024 4058 4057
93630 4024 4025 4059 4058
93631 4025 4026 4060 4059
93632 4026 4027 4061 4060
93633 4027 4028 4062 4061
93634 4028 4029 4063 4062
93635 4029 4030 4064 4063
93636 4030 4031 4065 4064
93637 4031 4032 4066 4065
93638 4032 4033 4067 4066
93639 4033 4034 4068 4067
93640 4034 4035 4069 4068
93641 4035 4036 4070 4069
93642 4036 4037 4071 4070
93643 4037 4038 4072 4071
93644 4038 4039 4073 4072
93645 4039 4040 4074 4073
93646 4040 4041 4075 4074
93647 4041 4042 4076 4075
93648 4042 4043 4077 4076
93649 4043 4044 4078 4077
93650 4044 4045 4079 4078
93651 4045 4046 4080 4079
93652 4046 4047 4081 4080
93653 4047 4048 4082 4081
93654 4048 4049 4083 4082
93655 4049 4050 4084 4083
93702 4050 2544 2545 4084
93828 2638 4017 4051 2639
95857 4051 4052 4086 4085
95858 4052 4053 4087 4086
95859 4053 4054 4088 4087
95860 4054 4055 4089 4088
95861 4055 4056 4090 4089
95862 4056 4057 4091 4090
95863 4057 4058 4092 4091
95864 4058 4059 4093 4092
95865 4059 4060 4094 4093
95866 4060 4061 4095 4094
95867 4061 4062 4096 4095
95868 4062 4063 4097 4096
95869 4063 4064 4098 4097
95870 4064 4065 4099 4098
95871 4065 4066 4100 4099
95872 4066 4067 4101 4100
95873 4067 4068 4102 4101
95874 4068 4069 4103 4102
95875 4069 4070 4104 4103
95876 4070 4071 4105 4104
95877 4071 4072 4106 4105
95878 4072 4073 4107 4106
95879 4073 4074 4108 4107
95880 4074 4075 4109 4108
95881 4075 4076 4110 4109
95882 4076 4077 4111 4110
95883 4077 4078 4112 4111
95884 4078 4079 4113 4112
95885 4079 4080 4114 4113
95886 4080 4081 4115 4114
95887 4081 4082 4116 4115
95888 4082 4083 4117 4116
95889 4083 4084 4118 4117
95936 4084 2545 2546 4118
96062 2639 4051 4085 2640
98091 4085 4086 4120 4119
98092 4086 4087 4121 4120
98093 4087 4088 4122 4121
98094 4088 4089 4123 4122
98095 4089 4090 4124 4123
98096 4090 4091 4125 4124
98097 4091 4092 4126 4125
98098 4092 4093 4127 4126
98099 4093 4094 4128 4127
98100 4094 4095 4129 4128
98101 4095 4096 4130 4129
98102 4096 4097 4131 4130
98103 4097 4098 4132 4131
98104 4098 4099 4133 4132
98105 4099 4100 4134 4133
98106 4100 4101 4135 4134
98107 4101 4102 4136 4135
98108 4102 4103 4137 4136
98109 4103 4104 4138 4137
98110 4104 4105 4139 4138
98111 4105 4106 4140 4139
98112 4106 4107 4141 4140
98113 4107 4108 4142 4141
98114 4108 4109 4143 4142
98115 4109 4110 4144 4143
98116 4110 4111 4145 4144
98117 4111 4112 4146 4145
98118 4112 4113 4147 4146
98119 4113 4114 4148 4147
98120 4114 4115 4149 4148
98121 4115 4116 4150 4149
98122 4116 4117 4151 4150
98123 4117 4118 4152 4151
98170 4118 2546 2547 4152
98296 2640 4085 4119 2641
100325 4119 4120 4154 4153
100326 4120 4121 4155 4154
100327 4121 4122 4156 4155
100328 4122 4123 4157 4156
100329 4123 4124 4158 4157
100330 4124 4125 4159 4158
100331 4125 4126 4160 4159
100332 4126 4127 4161 4160
100333 4127 4128 4162 4161
100334 4128 4129 4163 4162
100335 4129 4130 4164 4163
100336 4130 4131 4165 4164
100337 4131 4132 4166 4165
100338 4132 4133 4167 4166
100339 4133 4134 4168 4167
100340 4134 4135 4169 4168
100341 4135 4136 4170 4169
100342 4136 4137 4171 4170
100343 4137 4138 4172 4171
100344 4138 4139 4173 4172
100345 4139 4140 4174 4173
100346 4140 4141 4175 4174
100347 4141 4142 4176 4175
100348 4142 4143 4177 4176
100349 4143 4144 4178 4177
100350 4144 4145 4179 4178
100351 4145 4146 4180 4179
100352 4146 4147 4181 4180
100353 4147 4148 4182 4181
100354 4148 4149 4183 4182
100355 4149 4150 4184 4183
100356 4150 4151 4185 4184
100357 4151 4152 4186 4185
100404 4152 2547 2548 4186
100530 2641 4119 4153 2642
102559 4153 4154 4188 4187
102560 4154 4155 4189 4188
102561 4155 4156 4190 4189
102562 4156 4157 4191 4190
102563 4157 4158 4192 4191
102564 4158 4159 4193 4192
102565 4159 4160 4194 4193
102566 4160 4161 4195 4194
102567 4161 4162 4196 4195
102568 4162 4163 4197 4196
102569 4163 4164 4198 4197
102570 4164 4165 4199 4198
102571 4165 4166 4200 4199
102572 4166 4167 4201 4200
102573 4167 4168 4202 4201
102574 4168 4169 4203 4202
102575 4169 4170 4204 4203
102576 4170 4171 4205 4204
102577 4171 4172 4206 4205
102578 4172 4173 4207 4206
102579 4173 4174 4208 4207
102580 4174 4175 4209 4208
102581 4175 4176 4210 4209
102582 4176 4177 4211 4210
102583 4177 4178 4212 4211
102584 4178 4179 4213 4212
102585 4179 4180 4214 4213
102586 4180 4181 4215 4214
102587 4181 4182 4216 4215
102588 4182 4183 4217 4216
102589 4183 4184 4218 4217
102590 4184 4185 4219 4218
102591 4185 4186 4220 4219
102638 4186 2548 2549 4220
102764 2642 4153 4187 2643
104793 4187 4188 4222 4221
104794 4188 4189 4223 4222
104795 4189 4190 4224 4223
104796 4190 4191 4225 4224
104797 4191 4192 4226 4225
104798 4192 4193 4227 4226
104799 4193 4194 4228 4227
104800 4194 4195 4229 4228
104801 4195 4196 4230 4229
104802 4196 4197 4231 4230
104803 4197 4198 4232 4231
104804 4198 4199 4233 4232
104805 4199 4200 4234 4233
104806 4200 4201 4235 4234
104807 4201 4202 4236 4235
104808 4202 4203 4237 4236
104809 4203 4204 4238 4237
104810 4204 4205 4239 4238
104811 4205 4206 4240 4239
104812 4206 4207 4241 4240
104813 4207 4208 4242 4241
104814 4208 4209 4243 4242
104815 4209 4210 4244 4243
104816 4210 4211 4245 4244
104817 4211 4212 4246 4245
104818 4212 4213 4247 4246
104819 4213 4214 4248 4247
104820 4214 4215 4249 4248
104821 4215 4216 4250 4249
104822 4216 4217 4251 4250
104823 4217 4218 4252 4251
104824 4218 4219 4253 4252
104825 4219 4220 4254 4253
104872 4220 2549 2550 4254
104998 2643 4187 4221 2644
107027 4221 4222 4256 4255
107028 4222 4223 4257 4256
107029 4223 4224 4258 4257
107030 4224 4225 4259 4258
107031 4225 4226 4260 4259
107032 4226 4227 4261 4260
107033 4227 4228 4262 4261
107034 4228 4229 4263 4262
107035 4229 4230 4264 4263
107036 4230 4231 4265 4264
107037 4231 4232 4266 4265
107038 4232 4233 4267 4266
107039 4233 4234 4268 4267
107040 4234 4235 4269 4268
107041 4235 4236 4270 4269
107042 4236 4237 4271 4270
107043 4237 4238 4272 4271
107044 4238 4239 4273 4272
107045 4239 4240 4274 4273
107046 4240 4241 4275 4274
107047 4241 4242 4276 4275
107048 4242 4243 4277 4276
107049 4243 4244 4278 4277
107050 4244 4245 4279 4278
107051 4245 4246 4280 4279
107052 4246 4247 4281 4280
107053 4247 4248 4282 4281
107054 4248 4249 4283 4282
107055 4249 4250 4284 4283
107056 4250 4251 4285 4284
107057 4251 4252 4286 4285
107058 4252 4253 4287 4286
107059 4253 4254 4288 4287
107106 4254 2550 2551 4288
107232 2644 4221 4255 2645
109261 4255 4256 4290 4289
109262 4256 4257 4291 4290
109263 4257 4258 4292 4291
109264 4258 4259 4293 4292
109265 4259 4260 4294 4293
109266 4260 4261 4295 4294
109267 4261 4262 4296 4295
109268 4262 4263 4297 4296
109269 4263 4264 4298 4297
109270 4264 4265 4299 4298
109271 4265 4266 4300 4299
109272 4266 4267 4301 4300
109273 4267 4268 4302 4301
109274 4268 4269 4303 4302
109275 4269 4270 4304 4303
109276 4270 4271 4305 4304
109277 4271 4272 4306 4305
109278 4272 4273 4307 4306
109279 4273 4274 4308 4307
109280 4274 4275 4309 4308
109281 4275 4276 4310 4309
109282 4276 4277 4311 4310
109283 4277 4278 4312 4311
109284 4278 4279 4313 4312
109285 4279 4280 4314 4313
109286 4280 4281 4315 4314
109287 4281 4282 4316 4315
109288 4282 4283 4317 4316
109289 4283 4284 4318 4317
109290 4284 4285 4319 4318
109291 4285 4286 4320 4319
109292 4286 4287 4321 4320
109293 4287 4288 4322 4321
109340 4288 2551 2552 4322
109466 2645 4255 4289 2646
111495 4289 4290 4324 4323
111496 4290 4291 4325 4324
111497 4291 4292 4326 4325
111498 4292 4293 4327 4326
111499 4293 4294 4328 4327
111500 4294 4295 4329 4328
111501 4295 4296 4330 4329
111502 4296 4297 4331 4330
111503 4297 4298 4332 4331
111504 4298 4299 4333 4332
111505 4299 4300 4334 4333
111506 4300 4301 4335 4334
111507 4301 4302 4336 4335
111508 4302 4303 4337 4336
111509 4303 4304 4338 4337
111510 4304 4305 4339 4338
111511 4305 4306 4340 4339
111512 4306 4307 4341 4340
111513 4307 4308 4342 4341
111514 4308 4309 4343 4342
111515 4309 4310 4344 4343
111516 4310 4311 4345 4344
111517 4311 4312 4346 4345
111518 4312 4313 4347 4346
111519 4313 4314 4348 4347
111520 4314 4315 4349 4348
111521 4315 4316 4350 4349
111522 4316 4317 4351 4350
111523 4317 4318 4352 4351
111524 4318 4319 4353 4352
111525 4319 4320 4354 4353
111526 4320 4321 4355 4354
111527 4321 4322 4356 4355
111574 4322 2552 2553 4356
111700 2646 4289 4323 2647
113729 4323 4324 4358 4357
113730 4324 4325 4359 4358
113731 4325 4326 4360 4359
113732 4326 4327 4361 4360
113733 4327 4328 4362 4361
113734 4328 4329 4363 4362
113735 4329 4330 4364 4363
113736 4330 4331 4365 4364
113737 4331 4332 4366 4365
113738 4332 4333 4367 4366
113739 4333 4334 4368 4367
113740 4334 4335 4369 4368
113741 4335 4336 4370 4369
113742 4336 4337 4371 4370
113743 4337 4338 4372 4371
113744 4338 4339 4373 4372
113745 4339 4340 4374 4373
113746 4340 4341 4375 4374
113747 4341 4342 4376 4375
113748 4342 4343 4377 4376
113749 4343 4344 4378 4377
113750 4344 4345 4379 4378
113751 4345 4346 4380 4379
113752 4346 4347 4381 4380
113753 4347 4348 4382 4381
113754 4348 4349 4383 4382
113755 4349 4350 4384 4383
113756 4350 4351 4385 4384
113757 4351 4352 4386 4385
113758 4352 4353 4387 4386
113759 4353 4354 4388 4387
113760 4354 4355 4389 4388
113761 4355 4356 4390 4389
113808 4356 2553 2554 4390
113934 2647 4323 4357 2648
115963 4357 4358 4392 4391
115964 4358 4359 4393 4392
115965 4359 4360 4394 4393
115966 4360 4361 4395 4394
115967 4361 4362 4396 4395
115968 4362 4363 4397 4396
115969 4363 4364 4398 4397
115970 4364 4365 4399 4398
115971 4365 4366 4400 4399
115972 4366 4367 4401 4400
115973 4367 4368 4402 4401
115974 4368 4369 4403 4402
115975 4369 4370 4404 4403
115976 4370 4371 4405 4404
115977 4371 4372 4406 4405
115978 4372 4373 4407 4406
115979 4373 4374 4408 4407
115980 4374 4375 4409 4408
115981 4375 4376 4410 4409
115982 4376 4377 4411 4410
115983 4377 4378 4412 4411
115984 4378 4379 4413 4412
115985 4379 4380 4414 4413
115986 4380 4381 4415 4414
115987 4381 4382 4416 4415
115988 4382 4383 4417 4416
115989 4383 4384 4418 4417
115990 4384 4385 4419 4418
115991 4385 4386 4420 4419
115992 4386 4387 4421 4420
115993 4387 4388 4422 4421
115994 4388 4389 4423 4422
115995 4389 4390 4424 4423
116042 4390 2554 2555 4424
116168 2648 4357 4391 2649
118197 4391 4392 4426 4425
118198 4392 4393 4427 4426
118199 4393 4394 4428 4427
118200 4394 4395 4429 4428
118201 4395 4396 4430 4429
118202 4396 4397 4431 4430
118203 4397 4398 4432 4431
118204 4398 4399 4433 4432
118205 4399 4400 4434 4433
118206 4400 4401 4435 4434
118207 4401 4402 4436 4435
118208 4402 4403 4437 4436
118209 4403 4404 4438 4437
118210 4404 4405 4439 4438
118211 4405 4406 4440 4439
118212 4406 4407 4441 4440
118213 4407 4408 4442 4441
118214 4408 4409 4443 4442
118215 4409 4410 4444 4443
118216 4410 4411 4445 4444
118217 4411 4412 4446 4445
118218 4412 4413 4447 4446
118219 4413 4414 4448 4447
118220 4414 4415 4449 4448
118221 4415 4416 4450 4449
118222 4416 4417 4451 4450
118223 4417 4418 4452 4451
118224 4418 4419 4453 4452
118225 4419 4420 4454 4453
118226 4420 4421 4455 4454
118227 4421 4422 4456 4455
118228 4422 4423 4457 4456
118229 4423 4424 4458 4457
118276 4424 2555 2556 4458
118402 2649 4391 4425 2650
120431 4425 4426 4460 4459
120432 4426 4427 4461 4460
120433 4427 4428 4462 4461
120434 4428 4429 4463 4462
120435 4429 4430 4464 4463
120436 4430 4431 4465 4464
120437 4431 4432 4466 4465
120438 4432 4433 4467 4466
120439 4433 4434 4468 4467
120440 4434 4435 4469 4468
120441 4435 4436 4470 4469
120442 4436 4437 4471 4470
120443 4437 4438 4472 4471
120444 4438 4439 4473 4472
120445 4439 4440 4474 4473
120446 4440 4441 4475 4474
120447 4441 4442 4476 4475
120448 4442 4443 4477 4476
120449 4443 4444 4478 4477
120450 4444 4445 4479 4478
120451 4445 4446 4480 4479
120452 4446 4447 4481 4480
120453 4447 4448 4482 4481
120454 4448 4449 4483 4482
120455 4449 4450 4484 4483
120456 4450 4451 4485 4484
120457 4451 4452 4486 4485
120458 4452 4453 4487 4486
120459 4453 4454 4488 4487
120460 4454 4455 4489 4488
120461 4455 4456 4490 4489
120462 4456 4457 4491 4490
120463 4457 4458 4492 4491
120510 4458 2556 2557 4492
120636 2650 4425 4459 2651
122665 4459 4460 4494 4493
122666 4460 4461 4495 4494
122667 4461 4462 4496 4495
122668 4462 4463 4497 4496
122669 4463 4464 4498 4497
122670 4464 4465 4499 4498
122671 4465 4466 4500 4499
122672 4466 4467 4501 4500
122673 4467 4468 4502 4501
122674 4468 4469 4503 4502
122675 4469 4470 4504 4503
122676 4470 4471 4505 4504
122677 4471 4472 4506 4505
122678 4472 4473 4507 4506
122679 4473 4474 4508 4507
122680 4474 4475 4509 4508
122681 4475 4476 4510 4509
122682 4476 4477 4511 4510
122683 4477 4478 4512 4511
122684 4478 4479 4513 4512
122685 4479 4480 4514 4513
122686 4480 4481 4515 4514
122687 4481 4482 4516 4515
122688 4482 4483 4517 4516
122689 4483 4484 4518 4517
122690 4484 4485 4519 4518
122691 4485 4486 4520 4519
122692 4486 4487 4521 4520
122693 4487 4488 4522 4521
122694 4488 4489 4523 4522
122695 4489 4490 4524 4523
122696 4490 4491 4525 4524
122697 4491 4492 4526 4525
122744 4492 2557 2558 4526
122870 2651 4459 4493 2652
124899 4493 4494 4528 4527
124900 4494 4495 4529 4528
124901 4495 4496 4530 4529
124902 4496 4497 4531 4530
124903 4497 4498 4532 4531
124904 4498 4499 4533 4532
124905 4499 4500 4534 4533
124906 4500 4501 4535 4534
124907 4501 4502 4536 4535
124908 4502 4503 4537 4536
124909 4503 4504 4538 4537
124910 4504 4505 4539 4538
124911 4505 4506 4540 4539
124912 4506 4507 4541 4540
124913 4507 4508 4542 4541
124914 4508 4509 4543 4542
124915 4509 4510 4544 4543
124916 4510 4511 4545 4544
124917 4511 4512 4546 4545
124918 4512 4513 4547 4546
124919 4513 4514 4548 4547
124920 4514 4515 4549 4548
124921 4515 4516 4550 4549
124922 4516 4517 4551 4550
124923 4517 4518 4552 4551
124924 4518 4519 4553 4552
124925 4519 4520 4554 4553
124926 4520 4521 4555 4554
124927 4521 4522 4556 4555
124928 4522 4523 4557 4556
124929 4523 4524 4558 4557
124930 4524 4525 4559 4558
124931 4525 4526 4560 4559
124978 4526 2558 2559 4560
125104 2652 4493 4527 2653
127133 4527 4528 4562 4561
127134 4528 4529 4563 4562
127135 4529 4530 4564 4563
127136 4530 4531 4565 4564
127137 4531 4532 4566 4565
127138 4532 4533 4567 4566
127139 4533 4534 4568 4567
127140 4534 4535 4569 4568
127141 4535 4536 4570 4569
127142 4536 4537 4571 4570
127143 4537 4538 4572 4571
127144 4538 4539 4573 4572
127145 4539 4540 4574 4573
127146 4540 4541 4575 4574
127147 4541 4542 4576 4575
127148 4542 4543 4577 4576
127149 4543 4544 4578 4577
127150 4544 4545 4579 4578
127151 4545 4546 4580 4579
127152 4546 4547 4581 4580
127153 4547 4548 4582 4581
127154 4548 4549 4583 4582
127155 4549 4550 4584 4583
127156 4550 4551 4585 4584
127157 4551 4552 4586 4585
127158 4552 4553 4587 4586
127159 4553 4554 4588 4587
127160 4554 4555 4589 4588
127161 4555 4556 4590 4589
127162 4556 4557 4591 4590
127163 4557 4558 4592 4591
127164 4558 4559 4593 4592
127165 4559 4560 4594 4593
127212 4560 2559 2560 4594
127338 2653 4527 4561 2654
129367 4561 4562 4596 4595
129368 4562 4563 4597 4596
129369 4563 4564 4598 4597
129370 4564 4565 4599 4598
129371 4565 4566 4600 4599
129372 4566 4567 4601 4600
129373 4567 4568 4602 4601
129374 4568 4569 4603 4602
129375 4569 4570 4604 4603
129376 4570 4571 4605 4604
129377 4571 4572 4606 4605
129378 4572 4573 4607 4606
129379 4573 4574 4608 4607
129380 4574 4575 4609 4608
129381 4575 4576 4610 4609
129382 4576 4577 4611 4610
129383 4577 4578 4612 4611
129384 4578 4579 4613 4612
129385 4579 4580 4614 4613
129386 4580 4581 4615 4614
129387 4581 4582 4616 4615
129388 4582 4583 4617 4616
129389 4583 4584 4618 4617
129390 4584 4585 4619 4618
129391 4585 4586 4620 4619
129392 4586 4587 4621 4620
129393 4587 4588 4622 4621
129394 4588 4589 4623 4622
129395 4589 4590 4624 4623
129396 4590 4591 4625 4624
129397 4591 4592 4626 4625
129398 4592 4593 4627 4626
129399 4593 4594 4628 4627
129446 4594 2560 2561 4628
129572 2654 4561 4595 2655
131601 4595 4596 4630 4629
131602 4596 4597 4631 4630
131603 4597 4598 4632 4631
131604 4598 4599 4633 4632
131605 4599 4600 4634 4633
131606 4600 4601 4635 4634
131607 4601 4602 4636 4635
131608 4602 4603 4637 4636
131609 4603 4604 4638 4637
131610 4604 4605 4639 4638
131611 4605 4606 4640 4639
131612 4606 4607 4641 4640
131613 4607 4608 4642 4641
131614 4608 4609 4643 4642
131615 4609 4610 4644 4643
131616 4610 4611 4645 4644
131617 4611 4612 4646 4645
131618 4612 4613 4647 4646
131619 4613 4614 4648 4647
131620 4614 4615 4649 4648
131621 4615 4616 4650 4649
131622 4616 4617 4651 4650
131623 4617 4618 4652 4651
131624 4618 4619 4653 4652
131625 4619 4620 4654 4653
131626 4620 4621 4655 4654
131627 4621 4622 4656 4655
131628 4622 4623 4657 4656
131629 4623 4624 4658 4657
131630 4624 4625 4659 4658
131631 4625 4626 4660 4659
131632 4626 4627 4661 4660
131633 4627 4628 4662 4661
131680 4628 2561 2562 4662
131806 2655 4595 4629 2656
133835 4629 4630 2565 2564
133836 4630 4631 2566 2565
133837 4631 4632 2567 2566
133838 4632 4633 2568 2567
133839 4633 4634 2569 2568
133840 4634 4635 2570 2569
133841 4635 4636 2571 2570
133842 4636 4637 2572 2571
133843 4637 4638 2573 2572
133844 4638 4639 2574 2573
133845 4639 4640 2575 2574
133846 4640 4641 2576 2575
133847 4641 4642 2577 2576
133848 4642 4643 2578 2577
133849 4643 4644 2579 2578
133850 4644 4645 2580 2579
133851 4645 4646 2581 2580
133852 4646 4647 2582 2581
133853 4647 4648 2583 2582
133854 4648 4649 2584 2583
133855 4649 4650 2585 2584
133856 4650 4651 2586 2585
133857 4651 4652 2587 2586
133858 4652 4653 2588 2587
133859 4653 4654 2589 2588
133860 4654 4655 2590 2589
133861 4655 4656 2591 2590
133862 4656 4657 2592 2591
133863 4657 4658 2593 2592
133864 4658 4659 2594 2593
133865 4659 4660 2595 2594
133866 4660 4661 2596 2595
133867 4661 4662 2597 2596
133914 4662 2562 2503 2597
134040 2656 4629 2564 2563
134041 144762 144703 145423 145424
134042 144761 144762 145424 145425
134043 144760 144761 145425 145426
134044 144759 144760 145426 145427
134045 144758 144759 145427 145428
134046 144757 144758 145428 145429
134047 144756 144757 145429 145430
134048 144755 144756 145430 145431
134049 144754 144755 145431 145432
134050 144753 144754 145432 145433
134051 144752 144753 145433 145434
134052 144751 144752 145434 145435
134053 144750 144751 145435 145436
134054 144749 144750 145436 145437
134055 144748 144749 145437 145438
134056 144747 144748 145438 145439
134057 144746 144747 145439 145440
134058 144745 144746 145440 145441
134059 144744 144745 145441 145442
134060 144743 144744 145442 145443
134061 144742 144743 145443 145444
134062 144741 144742 145444 145445
134063 144740 144741 145445 145446
134064 144739 144740 145446 145447
134065 144738 144739 145447 145448
134066 144737 144738 145448 145449
134067 144736 144737 145449 145450
134068 144735 144736 145450 145451
134069 144734 144735 145451 145452
134070 144733 144734 145452 145453
134071 144732 144733 145453 145454
134072 144731 144732 145454 145455
134073 144730 144731 145455 145456
134074 144729 144730 145456 145457
134075 144728 144729 145457 145458
134076 144727 144728 145458 145459
134077 144726 144727 145459 145460
134078 144725 144726 145460 145461
134079 144724 144725 145461 145462
134080 144723 144724 145462 145463
134081 144722 144723 145463 145464
134082 144721 144722 145464 145465
134083 144720 144721 145465 145466
134084 144719 144720 145466 145467
134085 144718 144719 145467 145468
134086 144717 144718 145468 145469
134087 144716 144717 145469 145470
134088 144715 144716 145470 145471
134089 144714 144715 145471 145472
134090 144713 144714 145472 145473
134091 144712 144713 145473 145474
134092 144711 144712 145474 145475
134093 144710 144711 145475 145476
134094 144709 144710 145476 145477
134095 144708 144709 145477 145478
134096 144707 144708 145478 145479
134097 144706 144707 145479 145480
134098 144705 144706 145480 145481
134099 144704 144705 145481 145482
134100 2346 144704 145482 2435
135672 144703 144762 146431 146383
135684 144762 144761 146432 146431
135696 144761 144760 146433 146432
135708 144760 144759 146434 146433
135720 144759 144758 146435 146434
135732 144758 144757 146436 146435
135744 144757 144756 146437 146436
135756 144756 144755 146438 146437
135768 144755 144754 146439 146438
135780 144754 144753 146440 146439
135792 144753 144752 146441 146440
135804 144752 144751 146442 146441
135816 144751 144750 146443 146442
135828 144750 144749 146444 146443
135840 144749 144748 146445 146444
135852 144748 144747 146446 146445
135864 144747 144746 146447 146446
135876 144746 144745 146448 146447
135888 144745 144744 146449 146448
135900 144744 144743 146450 146449
135912 144743 144742 146451 146450
135924 144742 144741 146452 146451
135936 144741 144740 146453 146452
135948 144740 144739 146454 146453
135960 144739 144738 146455 146454
135972 144738 144737 146456 146455
135984 144737 144736 146457 146456
135996 144736 144735 146458 146457
136008 144735 144734 146459 146458
136020 144734 144733 146460 146459
136032 144733 144732 146461 146460
136044 144732 144731 146462 146461
136056 144731 144730 146463 146462
136068 144730 144729 146464 146463
136080 144729 144728 146465 146464
136092 144728 144727 146466 146465
136104 144727 144726 146467 146466
136116 144726 144725 146468 146467
136128 144725 144724 146469 146468
136140 144724 144723 146470 146469
136152 144723 144722 146471 146470
136164 144722 144721 146472 146471
136176 144721 144720 146473 146472
136188 144720 144719 146474 146473
136200 144719 144718 146475 146474
136212 144718 144717 146476 146475
136224 144717 144716 146477 146476
136236 144716 144715 146478 146477
136248 144715 144714 146479 146478
136260 144714 144713 146480 146479
136272 144713 144712 146481 146480
136284 144712 144711 146482 146481
136296 144711 144710 146483 146482
136308 144710 144709 146484 146483
136320 144709 144708 146485 146484
136332 144708 144707 146486 146485
136344 144707 144706 146487 146486
136356 144706 144705 146488 146487
136368 144705 144704 146489 146488
136380 144704 2346 2347 146489
136392 146383 146431 146490 146384
136404 146431 146432 146491 146490
136416 146432 146433 146492 146491
136428 146433 146434 146493 146492
136440 146434 146435 146494 146493
136452 146435 146436 146495 146494
136464 146436 146437 146496 146495
136476 146437 146438 146497 146496
136488 146438 146439 146498 146497
136500 146439 146440 146499 146498
136512 146440 146441 146500 146499
136524 146441 146442 146501 146500
136536 146442 146443 146502 146501
136548 146443 146444 146503 146502
136560 146444 146445 146504 146503
136572 146445 146446 146505 146504
136584 146446 146447 146506 146505
136596 146447 146448 146507 146506
136608 146448 146449 146508 146507
136620 146449 146450 146509 146508
136632 146450 146451 146510 146509
136644 146451 146452 146511 146510
136656 146452 146453 146512 146511
136668 146453 146454 146513 146512
136680 146454 146455 146514 146513
136692 146455 146456 146515 146514
136704 146456 146457 146516 146515
136716 146457 146458 146517 146516
136728 146458 146459 146518 146517
136740 146459 146460 146519 146518
136752 146460 146461 146520 146519
136764 146461 146462 146521 146520
136776 146462 146463 146522 146521
136788 146463 146464 146523 146522
136800 146464 146465 146524 146523
136812 146465 146466 146525 146524
136824 146466 146467 146526 146525
136836 146467 146468 146527 146526
136848 146468 146469 146528 146527
136860 146469 146470 146529 146528
136872 146470 146471 146530 146529
136884 146471 146472 146531 146530
136896 146472 146473 146532 146531
136908 146473 146474 146533 146532
136920 146474 146475 146534 146533
136932 146475 146476 146535 146534
136944 146476 146477 146536 146535
136956 146477 146478 146537 146536
136968 146478 146479 146538 146537
136980 146479 146480 146539 146538
136992 146480 146481 146540 146539
137004 146481 146482 146541 146540
137016 146482 146483 146542 146541
137028 146483 146484 146543 146542
137040 146484 146485 146544 146543
137052 146485 146486 146545 146544
137064 146486 146487 146546 146545
137076 146487 146488 146547 146546
137088 146488 146489 146548 146547
137100 146489 2347 2348 146548
137112 146384 146490 146549 146385
137124 146490 146491 146550 146549
137136 146491 146492 146551 146550
137148 146492 146493 146552 146551
137160 146493 146494 146553 146552
137172 146494 146495 146554 146553
137184 146495 146496 146555 146554
137196 146496 146497 146556 146555
137208 146497 146498 146557 146556
137220 146498 146499 146558 146557
137232 146499 146500 146559 146558
137244 146500 146501 146560 146559
137256 146501 146502 146561 146560
137268 146502 146503 146562 146561
137280 146503 146504 146563 146562
137292 146504 146505 146564 146563
137304 146505 146506 146565 146564
137316 146506 146507 146566 146565
137328 146507 146508 146567 146566
137340 146508 146509 146568 146567
137352 146509 146510 146569 146568
137364 146510 146511 146570 146569
137376 146511 146512 146571 146570
137388 146512 146513 146572 146571
137400 146513 146514 146573 146572
137412 146514 146515 146574 146573
137424 146515 146516 146575 146574
137436 146516 146517 146576 146575
137448 146517 146518 146577 146576
137460 146518 146519 146578 146577
137472 146519 146520 146579 146578
137484 146520 146521 146580 146579
137496 146521 146522 146581 146580
137508 146522 146523 146582 146581
137520 146523 146524 146583 146582
137532 146524 146525 146584 146583
137544 146525 146526 146585 146584
137556 146526 146527 146586 146585
137568 146527 146528 146587 146586
137580 146528 146529 146588 146587
137592 146529 146530 146589 146588
137604 146530 146531 146590 146589
137616 146531 146532 146591 146590
137628 146532 146533 146592 146591
137640 146533 146534 146593 146592
137652 146534 146535 146594 146593
137664 146535 146536 146595 146594
137676 146536 146537 146596 146595
137688 146537 146538 146597 146596
137700 146538 146539 146598 146597
137712 146539 146540 146599 146598
137724 146540 146541 146600 146599
137736 146541 146542 146601 146600
137748 146542 146543 146602 146601
137760 146543 146544 146603 146602
137772 146544 146545 146604 146603
137784 146545 146546 146605 146604
137796 146546 146547 146606 146605
137808 146547 146548 146607 146606
137820 146548 2348 2349 146607
137832 146385 146549 146608 146386
137844 146549 146550 146609 146608
137856 146550 146551 146610 146609
137868 146551 146552 146611 146610
137880 146552 146553 146612 146611
137892 146553 146554 146613 146612
137904 146554 146555 146614 146613
137916 146555 146556 146615 146614
137928 146556 146557 146616 146615
137940 146557 146558 146617 146616
137952 146558 146559 146618 146617
137964 146559 146560 146619 146618
137976 146560 146561 146620 146619
137988 146561 146562 146621 146620
138000 146562 146563 146622 146621
138012 146563 146564 146623 146622
138024 146564 146565 146624 146623
138036 146565 146566 146625 146624
138048 146566 146567 146626 146625
138060 146567 146568 146627 146626
138072 146568 146569 146628 146627
138084 146569 146570 146629 146628
138096 146570 146571 146630 146629
138108 146571 146572 146631 146630
138120 146572 146573 146632 146631
138132 146573 146574 146633 146632
138144 146574 146575 146634 146633
138156 146575 146576 146635 146634
138168 146576 146577 146636 146635
138180 146577 146578 146637 146636
138192 146578 146579 146638 146637
138204 146579 146580 146639 146638
138216 146580 146581 146640 146639
138228 146581 146582 146641 146640
138240 146582 146583 146642 146641
138252 146583 146584 146643 146642
138264 146584 146585 146644 146643
138276 146585 146586 146645 146644
138288 146586 146587 146646 146645
138300 146587 146588 146647 146646
138312 146588 146589 146648 146647
138324 146589 146590 146649 146648
138336 146590 146591 146650 146649
138348 146591 146592 146651 146650
138360 146592 146593 146652 146651
138372 146593 146594 146653 146652
138384 146594 146595 146654 146653
138396 146595 146596 146655 146654
138408 146596 146597 146656 146655
138420 146597 146598 146657 146656
138432 146598 146599 146658 146657
138444 146599 146600 146659 146658
138456 146600 146601 146660 146659
138468 146601 146602 146661 146660
138480 146602 146603 146662 146661
138492 146603 146604 146663 146662
138504 146604 146605 146664 146663
138516 146605 146606 146665 146664
138528 146606 146607 146666 146665
138540 146607 2349 2350 146666
138552 146386 146608 2656 2563
138564 146608 146609 2655 2656
138576 146609 146610 2654 2655
138588 146610 146611 2653 2654
138600 146611 146612 2652 2653
138612 146612 146613 2651 2652
138624 146613 146614 2650 2651
138636 146614 146615 2649 2650
138648 146615 146616 2648 2649
138660 146616 146617 2647 2648
138672 146617 146618 2646 2647
138684 146618 146619 2645 2646
138696 146619 146620 2644 2645
138708 146620 146621 2643 2644
138720 146621 146622 2642 2643
138732 146622 146623 2641 2642
138744 146623 146624 2640 2641
138756 146624 146625 2639 2640
138768 146625 146626 2638 2639
138780 146626 146627 2637 2638
138792 146627 146628 2636 2637
138804 146628 146629 2635 2636
138816 146629 146630 2634 2635
138828 146630 146631 2633 2634
138840 146631 146632 2632 2633
138852 146632 146633 2631 2632
138864 146633 146634 2630 2631
138876 146634 146635 2629 2630
138888 146635 146636 2628 2629
138900 146636 146637 2627 2628
138912 146637 146638 2626 2627
138924 146638 146639 2625 2626
138936 146639 146640 2624 2625
138948 146640 146641 2623 2624
138960 146641 146642 2622 2623
138972 146642 146643 2621 2622
138984 146643 146644 2620 2621
138996 146644 146645 2619 2620
139008 146645 146646 2618 2619
139020 146646 146647 2617 2618
139032 146647 146648 2616 2617
139044 146648 146649 2615 2616
139056 146649 146650 2614 2615
139068 146650 146651 2613 2614
139080 146651 146652 2612 2613
139092 146652 146653 2611 2612
139104 146653 146654 2610 2611
139116 146654 146655 2609 2610
139128 146655 146656 2608 2609
139140 146656 146657 2607 2608
139152 146657 146658 2606 2607
139164 146658 146659 2605 2606
139176 146659 146660 2604 2605
139188 146660 146661 2603 2604
139200 146661 146662 2602 2603
139212 146662 146663 2601 2602
139224 146663 146664 2600 2601
139236 146664 146665 2599 2600
139248 146665 146666 2598 2599
139260 146666 2350 165 2598
