      2880
2062 12281 12282 103 102
2063 12280 12281 102 101
2064 12279 12280 101 100
2065 12278 12279 100 99
2066 12277 12278 99 98
2067 12276 12277 98 97
2068 12275 12276 97 96
2069 12274 12275 96 95
2070 12273 12274 95 94
2071 12272 12273 94 93
2072 12271 12272 93 92
2073 12270 12271 92 91
2074 12269 12270 91 90
2075 12268 12269 90 89
2076 12267 12268 89 88
2077 12266 12267 88 87
2078 12265 12266 87 86
2079 12264 12265 86 85
2080 12263 12264 85 84
2081 12262 12263 84 83
2082 12261 12262 83 82
2083 12260 12261 82 81
2084 12259 12260 81 80
2085 12258 12259 80 79
2086 12257 12258 79 78
2087 12256 12257 78 77
2088 12255 12256 77 76
2089 12254 12255 76 75
2090 12253 12254 75 74
2091 12252 12253 74 73
2092 12251 12252 73 72
2093 12250 12251 72 71
2094 12249 12250 71 70
2095 12248 12249 70 69
2096 12247 12248 69 68
2097 12246 12247 68 67
2098 12245 12246 67 66
2099 12244 12245 66 65
2100 12243 12244 65 64
2101 12242 12243 64 63
2102 12241 12242 63 62
2103 12240 12241 62 61
2104 12239 12240 61 60
2105 12238 12239 60 59
2106 12237 12238 59 58
2107 12236 12237 58 57
2168 12282 5802 56 103
2169 9509 12236 57 50
4296 12234 12235 12282 12281
4297 12233 12234 12281 12280
4298 12232 12233 12280 12279
4299 12231 12232 12279 12278
4300 12230 12231 12278 12277
4301 12229 12230 12277 12276
4302 12228 12229 12276 12275
4303 12227 12228 12275 12274
4304 12226 12227 12274 12273
4305 12225 12226 12273 12272
4306 12224 12225 12272 12271
4307 12223 12224 12271 12270
4308 12222 12223 12270 12269
4309 12221 12222 12269 12268
4310 12220 12221 12268 12267
4311 12219 12220 12267 12266
4312 12218 12219 12266 12265
4313 12217 12218 12265 12264
4314 12216 12217 12264 12263
4315 12215 12216 12263 12262
4316 12214 12215 12262 12261
4317 12213 12214 12261 12260
4318 12212 12213 12260 12259
4319 12211 12212 12259 12258
4320 12210 12211 12258 12257
4321 12209 12210 12257 12256
4322 12208 12209 12256 12255
4323 12207 12208 12255 12254
4324 12206 12207 12254 12253
4325 12205 12206 12253 12252
4326 12204 12205 12252 12251
4327 12203 12204 12251 12250
4328 12202 12203 12250 12249
4329 12201 12202 12249 12248
4330 12200 12201 12248 12247
4331 12199 12200 12247 12246
4332 12198 12199 12246 12245
4333 12197 12198 12245 12244
4334 12196 12197 12244 12243
4335 12195 12196 12243 12242
4336 12194 12195 12242 12241
4337 12193 12194 12241 12240
4338 12192 12193 12240 12239
4339 12191 12192 12239 12238
4340 12190 12191 12238 12237
4341 12189 12190 12237 12236
4402 12235 5801 5802 12282
4403 9508 12189 12236 9509
6530 12187 12188 12235 12234
6531 12186 12187 12234 12233
6532 12185 12186 12233 12232
6533 12184 12185 12232 12231
6534 12183 12184 12231 12230
6535 12182 12183 12230 12229
6536 12181 12182 12229 12228
6537 12180 12181 12228 12227
6538 12179 12180 12227 12226
6539 12178 12179 12226 12225
6540 12177 12178 12225 12224
6541 12176 12177 12224 12223
6542 12175 12176 12223 12222
6543 12174 12175 12222 12221
6544 12173 12174 12221 12220
6545 12172 12173 12220 12219
6546 12171 12172 12219 12218
6547 12170 12171 12218 12217
6548 12169 12170 12217 12216
6549 12168 12169 12216 12215
6550 12167 12168 12215 12214
6551 12166 12167 12214 12213
6552 12165 12166 12213 12212
6553 12164 12165 12212 12211
6554 12163 12164 12211 12210
6555 12162 12163 12210 12209
6556 12161 12162 12209 12208
6557 12160 12161 12208 12207
6558 12159 12160 12207 12206
6559 12158 12159 12206 12205
6560 12157 12158 12205 12204
6561 12156 12157 12204 12203
6562 12155 12156 12203 12202
6563 12154 12155 12202 12201
6564 12153 12154 12201 12200
6565 12152 12153 12200 12199
6566 12151 12152 12199 12198
6567 12150 12151 12198 12197
6568 12149 12150 12197 12196
6569 12148 12149 12196 12195
6570 12147 12148 12195 12194
6571 12146 12147 12194 12193
6572 12145 12146 12193 12192
6573 12144 12145 12192 12191
6574 12143 12144 12191 12190
6575 12142 12143 12190 12189
6636 12188 5800 5801 12235
6637 9507 12142 12189 9508
8764 12140 12141 12188 12187
8765 12139 12140 12187 12186
8766 12138 12139 12186 12185
8767 12137 12138 12185 12184
8768 12136 12137 12184 12183
8769 12135 12136 12183 12182
8770 12134 12135 12182 12181
8771 12133 12134 12181 12180
8772 12132 12133 12180 12179
8773 12131 12132 12179 12178
8774 12130 12131 12178 12177
8775 12129 12130 12177 12176
8776 12128 12129 12176 12175
8777 12127 12128 12175 12174
8778 12126 12127 12174 12173
8779 12125 12126 12173 12172
8780 12124 12125 12172 12171
8781 12123 12124 12171 12170
8782 12122 12123 12170 12169
8783 12121 12122 12169 12168
8784 12120 12121 12168 12167
8785 12119 12120 12167 12166
8786 12118 12119 12166 12165
8787 12117 12118 12165 12164
8788 12116 12117 12164 12163
8789 12115 12116 12163 12162
8790 12114 12115 12162 12161
8791 12113 12114 12161 12160
8792 12112 12113 12160 12159
8793 12111 12112 12159 12158
8794 12110 12111 12158 12157
8795 12109 12110 12157 12156
8796 12108 12109 12156 12155
8797 12107 12108 12155 12154
8798 12106 12107 12154 12153
8799 12105 12106 12153 12152
8800 12104 12105 12152 12151
8801 12103 12104 12151 12150
8802 12102 12103 12150 12149
8803 12101 12102 12149 12148
8804 12100 12101 12148 12147
8805 12099 12100 12147 12146
8806 12098 12099 12146 12145
8807 12097 12098 12145 12144
8808 12096 12097 12144 12143
8809 12095 12096 12143 12142
8870 12141 5799 5800 12188
8871 9506 12095 12142 9507
10998 12093 12094 12141 12140
10999 12092 12093 12140 12139
11000 12091 12092 12139 12138
11001 12090 12091 12138 12137
11002 12089 12090 12137 12136
11003 12088 12089 12136 12135
11004 12087 12088 12135 12134
11005 12086 12087 12134 12133
11006 12085 12086 12133 12132
11007 12084 12085 12132 12131
11008 12083 12084 12131 12130
11009 12082 12083 12130 12129
11010 12081 12082 12129 12128
11011 12080 12081 12128 12127
11012 12079 12080 12127 12126
11013 12078 12079 12126 12125
11014 12077 12078 12125 12124
11015 12076 12077 12124 12123
11016 12075 12076 12123 12122
11017 12074 12075 12122 12121
11018 12073 12074 12121 12120
11019 12072 12073 12120 12119
11020 12071 12072 12119 12118
11021 12070 12071 12118 12117
11022 12069 12070 12117 12116
11023 12068 12069 12116 12115
11024 12067 12068 12115 12114
11025 12066 12067 12114 12113
11026 12065 12066 12113 12112
11027 12064 12065 12112 12111
11028 12063 12064 12111 12110
11029 12062 12063 12110 12109
11030 12061 12062 12109 12108
11031 12060 12061 12108 12107
11032 12059 12060 12107 12106
11033 12058 12059 12106 12105
11034 12057 12058 12105 12104
11035 12056 12057 12104 12103
11036 12055 12056 12103 12102
11037 12054 12055 12102 12101
11038 12053 12054 12101 12100
11039 12052 12053 12100 12099
11040 12051 12052 12099 12098
11041 12050 12051 12098 12097
11042 12049 12050 12097 12096
11043 12048 12049 12096 12095
11104 12094 5798 5799 12141
11105 9505 12048 12095 9506
13232 12046 12047 12094 12093
13233 12045 12046 12093 12092
13234 12044 12045 12092 12091
13235 12043 12044 12091 12090
13236 12042 12043 12090 12089
13237 12041 12042 12089 12088
13238 12040 12041 12088 12087
13239 12039 12040 12087 12086
13240 12038 12039 12086 12085
13241 12037 12038 12085 12084
13242 12036 12037 12084 12083
13243 12035 12036 12083 12082
13244 12034 12035 12082 12081
13245 12033 12034 12081 12080
13246 12032 12033 12080 12079
13247 12031 12032 12079 12078
13248 12030 12031 12078 12077
13249 12029 12030 12077 12076
13250 12028 12029 12076 12075
13251 12027 12028 12075 12074
13252 12026 12027 12074 12073
13253 12025 12026 12073 12072
13254 12024 12025 12072 12071
13255 12023 12024 12071 12070
13256 12022 12023 12070 12069
13257 12021 12022 12069 12068
13258 12020 12021 12068 12067
13259 12019 12020 12067 12066
13260 12018 12019 12066 12065
13261 12017 12018 12065 12064
13262 12016 12017 12064 12063
13263 12015 12016 12063 12062
13264 12014 12015 12062 12061
13265 12013 12014 12061 12060
13266 12012 12013 12060 12059
13267 12011 12012 12059 12058
13268 12010 12011 12058 12057
13269 12009 12010 12057 12056
13270 12008 12009 12056 12055
13271 12007 12008 12055 12054
13272 12006 12007 12054 12053
13273 12005 12006 12053 12052
13274 12004 12005 12052 12051
13275 12003 12004 12051 12050
13276 12002 12003 12050 12049
13277 12001 12002 12049 12048
13338 12047 5797 5798 12094
13339 9504 12001 12048 9505
15466 11999 12000 12047 12046
15467 11998 11999 12046 12045
15468 11997 11998 12045 12044
15469 11996 11997 12044 12043
15470 11995 11996 12043 12042
15471 11994 11995 12042 12041
15472 11993 11994 12041 12040
15473 11992 11993 12040 12039
15474 11991 11992 12039 12038
15475 11990 11991 12038 12037
15476 11989 11990 12037 12036
15477 11988 11989 12036 12035
15478 11987 11988 12035 12034
15479 11986 11987 12034 12033
15480 11985 11986 12033 12032
15481 11984 11985 12032 12031
15482 11983 11984 12031 12030
15483 11982 11983 12030 12029
15484 11981 11982 12029 12028
15485 11980 11981 12028 12027
15486 11979 11980 12027 12026
15487 11978 11979 12026 12025
15488 11977 11978 12025 12024
15489 11976 11977 12024 12023
15490 11975 11976 12023 12022
15491 11974 11975 12022 12021
15492 11973 11974 12021 12020
15493 11972 11973 12020 12019
15494 11971 11972 12019 12018
15495 11970 11971 12018 12017
15496 11969 11970 12017 12016
15497 11968 11969 12016 12015
15498 11967 11968 12015 12014
15499 11966 11967 12014 12013
15500 11965 11966 12013 12012
15501 11964 11965 12012 12011
15502 11963 11964 12011 12010
15503 11962 11963 12010 12009
15504 11961 11962 12009 12008
15505 11960 11961 12008 12007
15506 11959 11960 12007 12006
15507 11958 11959 12006 12005
15508 11957 11958 12005 12004
15509 11956 11957 12004 12003
15510 11955 11956 12003 12002
15511 11954 11955 12002 12001
15572 12000 5796 5797 12047
15573 9503 11954 12001 9504
17700 11952 11953 12000 11999
17701 11951 11952 11999 11998
17702 11950 11951 11998 11997
17703 11949 11950 11997 11996
17704 11948 11949 11996 11995
17705 11947 11948 11995 11994
17706 11946 11947 11994 11993
17707 11945 11946 11993 11992
17708 11944 11945 11992 11991
17709 11943 11944 11991 11990
17710 11942 11943 11990 11989
17711 11941 11942 11989 11988
17712 11940 11941 11988 11987
17713 11939 11940 11987 11986
17714 11938 11939 11986 11985
17715 11937 11938 11985 11984
17716 11936 11937 11984 11983
17717 11935 11936 11983 11982
17718 11934 11935 11982 11981
17719 11933 11934 11981 11980
17720 11932 11933 11980 11979
17721 11931 11932 11979 11978
17722 11930 11931 11978 11977
17723 11929 11930 11977 11976
17724 11928 11929 11976 11975
17725 11927 11928 11975 11974
17726 11926 11927 11974 11973
17727 11925 11926 11973 11972
17728 11924 11925 11972 11971
17729 11923 11924 11971 11970
17730 11922 11923 11970 11969
17731 11921 11922 11969 11968
17732 11920 11921 11968 11967
17733 11919 11920 11967 11966
17734 11918 11919 11966 11965
17735 11917 11918 11965 11964
17736 11916 11917 11964 11963
17737 11915 11916 11963 11962
17738 11914 11915 11962 11961
17739 11913 11914 11961 11960
17740 11912 11913 11960 11959
17741 11911 11912 11959 11958
17742 11910 11911 11958 11957
17743 11909 11910 11957 11956
17744 11908 11909 11956 11955
17745 11907 11908 11955 11954
17806 11953 5795 5796 12000
17807 9502 11907 11954 9503
19934 11905 11906 11953 11952
19935 11904 11905 11952 11951
19936 11903 11904 11951 11950
19937 11902 11903 11950 11949
19938 11901 11902 11949 11948
19939 11900 11901 11948 11947
19940 11899 11900 11947 11946
19941 11898 11899 11946 11945
19942 11897 11898 11945 11944
19943 11896 11897 11944 11943
19944 11895 11896 11943 11942
19945 11894 11895 11942 11941
19946 11893 11894 11941 11940
19947 11892 11893 11940 11939
19948 11891 11892 11939 11938
19949 11890 11891 11938 11937
19950 11889 11890 11937 11936
19951 11888 11889 11936 11935
19952 11887 11888 11935 11934
19953 11886 11887 11934 11933
19954 11885 11886 11933 11932
19955 11884 11885 11932 11931
19956 11883 11884 11931 11930
19957 11882 11883 11930 11929
19958 11881 11882 11929 11928
19959 11880 11881 11928 11927
19960 11879 11880 11927 11926
19961 11878 11879 11926 11925
19962 11877 11878 11925 11924
19963 11876 11877 11924 11923
19964 11875 11876 11923 11922
19965 11874 11875 11922 11921
19966 11873 11874 11921 11920
19967 11872 11873 11920 11919
19968 11871 11872 11919 11918
19969 11870 11871 11918 11917
19970 11869 11870 11917 11916
19971 11868 11869 11916 11915
19972 11867 11868 11915 11914
19973 11866 11867 11914 11913
19974 11865 11866 11913 11912
19975 11864 11865 11912 11911
19976 11863 11864 11911 11910
19977 11862 11863 11910 11909
19978 11861 11862 11909 11908
19979 11860 11861 11908 11907
20040 11906 5794 5795 11953
20041 9501 11860 11907 9502
22168 11858 11859 11906 11905
22169 11857 11858 11905 11904
22170 11856 11857 11904 11903
22171 11855 11856 11903 11902
22172 11854 11855 11902 11901
22173 11853 11854 11901 11900
22174 11852 11853 11900 11899
22175 11851 11852 11899 11898
22176 11850 11851 11898 11897
22177 11849 11850 11897 11896
22178 11848 11849 11896 11895
22179 11847 11848 11895 11894
22180 11846 11847 11894 11893
22181 11845 11846 11893 11892
22182 11844 11845 11892 11891
22183 11843 11844 11891 11890
22184 11842 11843 11890 11889
22185 11841 11842 11889 11888
22186 11840 11841 11888 11887
22187 11839 11840 11887 11886
22188 11838 11839 11886 11885
22189 11837 11838 11885 11884
22190 11836 11837 11884 11883
22191 11835 11836 11883 11882
22192 11834 11835 11882 11881
22193 11833 11834 11881 11880
22194 11832 11833 11880 11879
22195 11831 11832 11879 11878
22196 11830 11831 11878 11877
22197 11829 11830 11877 11876
22198 11828 11829 11876 11875
22199 11827 11828 11875 11874
22200 11826 11827 11874 11873
22201 11825 11826 11873 11872
22202 11824 11825 11872 11871
22203 11823 11824 11871 11870
22204 11822 11823 11870 11869
22205 11821 11822 11869 11868
22206 11820 11821 11868 11867
22207 11819 11820 11867 11866
22208 11818 11819 11866 11865
22209 11817 11818 11865 11864
22210 11816 11817 11864 11863
22211 11815 11816 11863 11862
22212 11814 11815 11862 11861
22213 11813 11814 11861 11860
22274 11859 5793 5794 11906
22275 9500 11813 11860 9501
24402 11811 11812 11859 11858
24403 11810 11811 11858 11857
24404 11809 11810 11857 11856
24405 11808 11809 11856 11855
24406 11807 11808 11855 11854
24407 11806 11807 11854 11853
24408 11805 11806 11853 11852
24409 11804 11805 11852 11851
24410 11803 11804 11851 11850
24411 11802 11803 11850 11849
24412 11801 11802 11849 11848
24413 11800 11801 11848 11847
24414 11799 11800 11847 11846
24415 11798 11799 11846 11845
24416 11797 11798 11845 11844
24417 11796 11797 11844 11843
24418 11795 11796 11843 11842
24419 11794 11795 11842 11841
24420 11793 11794 11841 11840
24421 11792 11793 11840 11839
24422 11791 11792 11839 11838
24423 11790 11791 11838 11837
24424 11789 11790 11837 11836
24425 11788 11789 11836 11835
24426 11787 11788 11835 11834
24427 11786 11787 11834 11833
24428 11785 11786 11833 11832
24429 11784 11785 11832 11831
24430 11783 11784 11831 11830
24431 11782 11783 11830 11829
24432 11781 11782 11829 11828
24433 11780 11781 11828 11827
24434 11779 11780 11827 11826
24435 11778 11779 11826 11825
24436 11777 11778 11825 11824
24437 11776 11777 11824 11823
24438 11775 11776 11823 11822
24439 11774 11775 11822 11821
24440 11773 11774 11821 11820
24441 11772 11773 11820 11819
24442 11771 11772 11819 11818
24443 11770 11771 11818 11817
24444 11769 11770 11817 11816
24445 11768 11769 11816 11815
24446 11767 11768 11815 11814
24447 11766 11767 11814 11813
24508 11812 5792 5793 11859
24509 9499 11766 11813 9500
26636 11764 11765 11812 11811
26637 11763 11764 11811 11810
26638 11762 11763 11810 11809
26639 11761 11762 11809 11808
26640 11760 11761 11808 11807
26641 11759 11760 11807 11806
26642 11758 11759 11806 11805
26643 11757 11758 11805 11804
26644 11756 11757 11804 11803
26645 11755 11756 11803 11802
26646 11754 11755 11802 11801
26647 11753 11754 11801 11800
26648 11752 11753 11800 11799
26649 11751 11752 11799 11798
26650 11750 11751 11798 11797
26651 11749 11750 11797 11796
26652 11748 11749 11796 11795
26653 11747 11748 11795 11794
26654 11746 11747 11794 11793
26655 11745 11746 11793 11792
26656 11744 11745 11792 11791
26657 11743 11744 11791 11790
26658 11742 11743 11790 11789
26659 11741 11742 11789 11788
26660 11740 11741 11788 11787
26661 11739 11740 11787 11786
26662 11738 11739 11786 11785
26663 11737 11738 11785 11784
26664 11736 11737 11784 11783
26665 11735 11736 11783 11782
26666 11734 11735 11782 11781
26667 11733 11734 11781 11780
26668 11732 11733 11780 11779
26669 11731 11732 11779 11778
26670 11730 11731 11778 11777
26671 11729 11730 11777 11776
26672 11728 11729 11776 11775
26673 11727 11728 11775 11774
26674 11726 11727 11774 11773
26675 11725 11726 11773 11772
26676 11724 11725 11772 11771
26677 11723 11724 11771 11770
26678 11722 11723 11770 11769
26679 11721 11722 11769 11768
26680 11720 11721 11768 11767
26681 11719 11720 11767 11766
26742 11765 5791 5792 11812
26743 9498 11719 11766 9499
28870 11717 11718 11765 11764
28871 11716 11717 11764 11763
28872 11715 11716 11763 11762
28873 11714 11715 11762 11761
28874 11713 11714 11761 11760
28875 11712 11713 11760 11759
28876 11711 11712 11759 11758
28877 11710 11711 11758 11757
28878 11709 11710 11757 11756
28879 11708 11709 11756 11755
28880 11707 11708 11755 11754
28881 11706 11707 11754 11753
28882 11705 11706 11753 11752
28883 11704 11705 11752 11751
28884 11703 11704 11751 11750
28885 11702 11703 11750 11749
28886 11701 11702 11749 11748
28887 11700 11701 11748 11747
28888 11699 11700 11747 11746
28889 11698 11699 11746 11745
28890 11697 11698 11745 11744
28891 11696 11697 11744 11743
28892 11695 11696 11743 11742
28893 11694 11695 11742 11741
28894 11693 11694 11741 11740
28895 11692 11693 11740 11739
28896 11691 11692 11739 11738
28897 11690 11691 11738 11737
28898 11689 11690 11737 11736
28899 11688 11689 11736 11735
28900 11687 11688 11735 11734
28901 11686 11687 11734 11733
28902 11685 11686 11733 11732
28903 11684 11685 11732 11731
28904 11683 11684 11731 11730
28905 11682 11683 11730 11729
28906 11681 11682 11729 11728
28907 11680 11681 11728 11727
28908 11679 11680 11727 11726
28909 11678 11679 11726 11725
28910 11677 11678 11725 11724
28911 11676 11677 11724 11723
28912 11675 11676 11723 11722
28913 11674 11675 11722 11721
28914 11673 11674 11721 11720
28915 11672 11673 11720 11719
28976 11718 5790 5791 11765
28977 9497 11672 11719 9498
31104 11670 11671 11718 11717
31105 11669 11670 11717 11716
31106 11668 11669 11716 11715
31107 11667 11668 11715 11714
31108 11666 11667 11714 11713
31109 11665 11666 11713 11712
31110 11664 11665 11712 11711
31111 11663 11664 11711 11710
31112 11662 11663 11710 11709
31113 11661 11662 11709 11708
31114 11660 11661 11708 11707
31115 11659 11660 11707 11706
31116 11658 11659 11706 11705
31117 11657 11658 11705 11704
31118 11656 11657 11704 11703
31119 11655 11656 11703 11702
31120 11654 11655 11702 11701
31121 11653 11654 11701 11700
31122 11652 11653 11700 11699
31123 11651 11652 11699 11698
31124 11650 11651 11698 11697
31125 11649 11650 11697 11696
31126 11648 11649 11696 11695
31127 11647 11648 11695 11694
31128 11646 11647 11694 11693
31129 11645 11646 11693 11692
31130 11644 11645 11692 11691
31131 11643 11644 11691 11690
31132 11642 11643 11690 11689
31133 11641 11642 11689 11688
31134 11640 11641 11688 11687
31135 11639 11640 11687 11686
31136 11638 11639 11686 11685
31137 11637 11638 11685 11684
31138 11636 11637 11684 11683
31139 11635 11636 11683 11682
31140 11634 11635 11682 11681
31141 11633 11634 11681 11680
31142 11632 11633 11680 11679
31143 11631 11632 11679 11678
31144 11630 11631 11678 11677
31145 11629 11630 11677 11676
31146 11628 11629 11676 11675
31147 11627 11628 11675 11674
31148 11626 11627 11674 11673
31149 11625 11626 11673 11672
31210 11671 5789 5790 11718
31211 9496 11625 11672 9497
33338 11623 11624 11671 11670
33339 11622 11623 11670 11669
33340 11621 11622 11669 11668
33341 11620 11621 11668 11667
33342 11619 11620 11667 11666
33343 11618 11619 11666 11665
33344 11617 11618 11665 11664
33345 11616 11617 11664 11663
33346 11615 11616 11663 11662
33347 11614 11615 11662 11661
33348 11613 11614 11661 11660
33349 11612 11613 11660 11659
33350 11611 11612 11659 11658
33351 11610 11611 11658 11657
33352 11609 11610 11657 11656
33353 11608 11609 11656 11655
33354 11607 11608 11655 11654
33355 11606 11607 11654 11653
33356 11605 11606 11653 11652
33357 11604 11605 11652 11651
33358 11603 11604 11651 11650
33359 11602 11603 11650 11649
33360 11601 11602 11649 11648
33361 11600 11601 11648 11647
33362 11599 11600 11647 11646
33363 11598 11599 11646 11645
33364 11597 11598 11645 11644
33365 11596 11597 11644 11643
33366 11595 11596 11643 11642
33367 11594 11595 11642 11641
33368 11593 11594 11641 11640
33369 11592 11593 11640 11639
33370 11591 11592 11639 11638
33371 11590 11591 11638 11637
33372 11589 11590 11637 11636
33373 11588 11589 11636 11635
33374 11587 11588 11635 11634
33375 11586 11587 11634 11633
33376 11585 11586 11633 11632
33377 11584 11585 11632 11631
33378 11583 11584 11631 11630
33379 11582 11583 11630 11629
33380 11581 11582 11629 11628
33381 11580 11581 11628 11627
33382 11579 11580 11627 11626
33383 11578 11579 11626 11625
33444 11624 5788 5789 11671
33445 9495 11578 11625 9496
35572 11576 11577 11624 11623
35573 11575 11576 11623 11622
35574 11574 11575 11622 11621
35575 11573 11574 11621 11620
35576 11572 11573 11620 11619
35577 11571 11572 11619 11618
35578 11570 11571 11618 11617
35579 11569 11570 11617 11616
35580 11568 11569 11616 11615
35581 11567 11568 11615 11614
35582 11566 11567 11614 11613
35583 11565 11566 11613 11612
35584 11564 11565 11612 11611
35585 11563 11564 11611 11610
35586 11562 11563 11610 11609
35587 11561 11562 11609 11608
35588 11560 11561 11608 11607
35589 11559 11560 11607 11606
35590 11558 11559 11606 11605
35591 11557 11558 11605 11604
35592 11556 11557 11604 11603
35593 11555 11556 11603 11602
35594 11554 11555 11602 11601
35595 11553 11554 11601 11600
35596 11552 11553 11600 11599
35597 11551 11552 11599 11598
35598 11550 11551 11598 11597
35599 11549 11550 11597 11596
35600 11548 11549 11596 11595
35601 11547 11548 11595 11594
35602 11546 11547 11594 11593
35603 11545 11546 11593 11592
35604 11544 11545 11592 11591
35605 11543 11544 11591 11590
35606 11542 11543 11590 11589
35607 11541 11542 11589 11588
35608 11540 11541 11588 11587
35609 11539 11540 11587 11586
35610 11538 11539 11586 11585
35611 11537 11538 11585 11584
35612 11536 11537 11584 11583
35613 11535 11536 11583 11582
35614 11534 11535 11582 11581
35615 11533 11534 11581 11580
35616 11532 11533 11580 11579
35617 11531 11532 11579 11578
35678 11577 5787 5788 11624
35679 9494 11531 11578 9495
37806 11529 11530 11577 11576
37807 11528 11529 11576 11575
37808 11527 11528 11575 11574
37809 11526 11527 11574 11573
37810 11525 11526 11573 11572
37811 11524 11525 11572 11571
37812 11523 11524 11571 11570
37813 11522 11523 11570 11569
37814 11521 11522 11569 11568
37815 11520 11521 11568 11567
37816 11519 11520 11567 11566
37817 11518 11519 11566 11565
37818 11517 11518 11565 11564
37819 11516 11517 11564 11563
37820 11515 11516 11563 11562
37821 11514 11515 11562 11561
37822 11513 11514 11561 11560
37823 11512 11513 11560 11559
37824 11511 11512 11559 11558
37825 11510 11511 11558 11557
37826 11509 11510 11557 11556
37827 11508 11509 11556 11555
37828 11507 11508 11555 11554
37829 11506 11507 11554 11553
37830 11505 11506 11553 11552
37831 11504 11505 11552 11551
37832 11503 11504 11551 11550
37833 11502 11503 11550 11549
37834 11501 11502 11549 11548
37835 11500 11501 11548 11547
37836 11499 11500 11547 11546
37837 11498 11499 11546 11545
37838 11497 11498 11545 11544
37839 11496 11497 11544 11543
37840 11495 11496 11543 11542
37841 11494 11495 11542 11541
37842 11493 11494 11541 11540
37843 11492 11493 11540 11539
37844 11491 11492 11539 11538
37845 11490 11491 11538 11537
37846 11489 11490 11537 11536
37847 11488 11489 11536 11535
37848 11487 11488 11535 11534
37849 11486 11487 11534 11533
37850 11485 11486 11533 11532
37851 11484 11485 11532 11531
37912 11530 5786 5787 11577
37913 9493 11484 11531 9494
40040 11482 11483 11530 11529
40041 11481 11482 11529 11528
40042 11480 11481 11528 11527
40043 11479 11480 11527 11526
40044 11478 11479 11526 11525
40045 11477 11478 11525 11524
40046 11476 11477 11524 11523
40047 11475 11476 11523 11522
40048 11474 11475 11522 11521
40049 11473 11474 11521 11520
40050 11472 11473 11520 11519
40051 11471 11472 11519 11518
40052 11470 11471 11518 11517
40053 11469 11470 11517 11516
40054 11468 11469 11516 11515
40055 11467 11468 11515 11514
40056 11466 11467 11514 11513
40057 11465 11466 11513 11512
40058 11464 11465 11512 11511
40059 11463 11464 11511 11510
40060 11462 11463 11510 11509
40061 11461 11462 11509 11508
40062 11460 11461 11508 11507
40063 11459 11460 11507 11506
40064 11458 11459 11506 11505
40065 11457 11458 11505 11504
40066 11456 11457 11504 11503
40067 11455 11456 11503 11502
40068 11454 11455 11502 11501
40069 11453 11454 11501 11500
40070 11452 11453 11500 11499
40071 11451 11452 11499 11498
40072 11450 11451 11498 11497
40073 11449 11450 11497 11496
40074 11448 11449 11496 11495
40075 11447 11448 11495 11494
40076 11446 11447 11494 11493
40077 11445 11446 11493 11492
40078 11444 11445 11492 11491
40079 11443 11444 11491 11490
40080 11442 11443 11490 11489
40081 11441 11442 11489 11488
40082 11440 11441 11488 11487
40083 11439 11440 11487 11486
40084 11438 11439 11486 11485
40085 11437 11438 11485 11484
40146 11483 5785 5786 11530
40147 9492 11437 11484 9493
42274 11435 11436 11483 11482
42275 11434 11435 11482 11481
42276 11433 11434 11481 11480
42277 11432 11433 11480 11479
42278 11431 11432 11479 11478
42279 11430 11431 11478 11477
42280 11429 11430 11477 11476
42281 11428 11429 11476 11475
42282 11427 11428 11475 11474
42283 11426 11427 11474 11473
42284 11425 11426 11473 11472
42285 11424 11425 11472 11471
42286 11423 11424 11471 11470
42287 11422 11423 11470 11469
42288 11421 11422 11469 11468
42289 11420 11421 11468 11467
42290 11419 11420 11467 11466
42291 11418 11419 11466 11465
42292 11417 11418 11465 11464
42293 11416 11417 11464 11463
42294 11415 11416 11463 11462
42295 11414 11415 11462 11461
42296 11413 11414 11461 11460
42297 11412 11413 11460 11459
42298 11411 11412 11459 11458
42299 11410 11411 11458 11457
42300 11409 11410 11457 11456
42301 11408 11409 11456 11455
42302 11407 11408 11455 11454
42303 11406 11407 11454 11453
42304 11405 11406 11453 11452
42305 11404 11405 11452 11451
42306 11403 11404 11451 11450
42307 11402 11403 11450 11449
42308 11401 11402 11449 11448
42309 11400 11401 11448 11447
42310 11399 11400 11447 11446
42311 11398 11399 11446 11445
42312 11397 11398 11445 11444
42313 11396 11397 11444 11443
42314 11395 11396 11443 11442
42315 11394 11395 11442 11441
42316 11393 11394 11441 11440
42317 11392 11393 11440 11439
42318 11391 11392 11439 11438
42319 11390 11391 11438 11437
42380 11436 5784 5785 11483
42381 9491 11390 11437 9492
44508 11388 11389 11436 11435
44509 11387 11388 11435 11434
44510 11386 11387 11434 11433
44511 11385 11386 11433 11432
44512 11384 11385 11432 11431
44513 11383 11384 11431 11430
44514 11382 11383 11430 11429
44515 11381 11382 11429 11428
44516 11380 11381 11428 11427
44517 11379 11380 11427 11426
44518 11378 11379 11426 11425
44519 11377 11378 11425 11424
44520 11376 11377 11424 11423
44521 11375 11376 11423 11422
44522 11374 11375 11422 11421
44523 11373 11374 11421 11420
44524 11372 11373 11420 11419
44525 11371 11372 11419 11418
44526 11370 11371 11418 11417
44527 11369 11370 11417 11416
44528 11368 11369 11416 11415
44529 11367 11368 11415 11414
44530 11366 11367 11414 11413
44531 11365 11366 11413 11412
44532 11364 11365 11412 11411
44533 11363 11364 11411 11410
44534 11362 11363 11410 11409
44535 11361 11362 11409 11408
44536 11360 11361 11408 11407
44537 11359 11360 11407 11406
44538 11358 11359 11406 11405
44539 11357 11358 11405 11404
44540 11356 11357 11404 11403
44541 11355 11356 11403 11402
44542 11354 11355 11402 11401
44543 11353 11354 11401 11400
44544 11352 11353 11400 11399
44545 11351 11352 11399 11398
44546 11350 11351 11398 11397
44547 11349 11350 11397 11396
44548 11348 11349 11396 11395
44549 11347 11348 11395 11394
44550 11346 11347 11394 11393
44551 11345 11346 11393 11392
44552 11344 11345 11392 11391
44553 11343 11344 11391 11390
44614 11389 5783 5784 11436
44615 9490 11343 11390 9491
46742 11341 11342 11389 11388
46743 11340 11341 11388 11387
46744 11339 11340 11387 11386
46745 11338 11339 11386 11385
46746 11337 11338 11385 11384
46747 11336 11337 11384 11383
46748 11335 11336 11383 11382
46749 11334 11335 11382 11381
46750 11333 11334 11381 11380
46751 11332 11333 11380 11379
46752 11331 11332 11379 11378
46753 11330 11331 11378 11377
46754 11329 11330 11377 11376
46755 11328 11329 11376 11375
46756 11327 11328 11375 11374
46757 11326 11327 11374 11373
46758 11325 11326 11373 11372
46759 11324 11325 11372 11371
46760 11323 11324 11371 11370
46761 11322 11323 11370 11369
46762 11321 11322 11369 11368
46763 11320 11321 11368 11367
46764 11319 11320 11367 11366
46765 11318 11319 11366 11365
46766 11317 11318 11365 11364
46767 11316 11317 11364 11363
46768 11315 11316 11363 11362
46769 11314 11315 11362 11361
46770 11313 11314 11361 11360
46771 11312 11313 11360 11359
46772 11311 11312 11359 11358
46773 11310 11311 11358 11357
46774 11309 11310 11357 11356
46775 11308 11309 11356 11355
46776 11307 11308 11355 11354
46777 11306 11307 11354 11353
46778 11305 11306 11353 11352
46779 11304 11305 11352 11351
46780 11303 11304 11351 11350
46781 11302 11303 11350 11349
46782 11301 11302 11349 11348
46783 11300 11301 11348 11347
46784 11299 11300 11347 11346
46785 11298 11299 11346 11345
46786 11297 11298 11345 11344
46787 11296 11297 11344 11343
46848 11342 5782 5783 11389
46849 9489 11296 11343 9490
48976 11294 11295 11342 11341
48977 11293 11294 11341 11340
48978 11292 11293 11340 11339
48979 11291 11292 11339 11338
48980 11290 11291 11338 11337
48981 11289 11290 11337 11336
48982 11288 11289 11336 11335
48983 11287 11288 11335 11334
48984 11286 11287 11334 11333
48985 11285 11286 11333 11332
48986 11284 11285 11332 11331
48987 11283 11284 11331 11330
48988 11282 11283 11330 11329
48989 11281 11282 11329 11328
48990 11280 11281 11328 11327
48991 11279 11280 11327 11326
48992 11278 11279 11326 11325
48993 11277 11278 11325 11324
48994 11276 11277 11324 11323
48995 11275 11276 11323 11322
48996 11274 11275 11322 11321
48997 11273 11274 11321 11320
48998 11272 11273 11320 11319
48999 11271 11272 11319 11318
49000 11270 11271 11318 11317
49001 11269 11270 11317 11316
49002 11268 11269 11316 11315
49003 11267 11268 11315 11314
49004 11266 11267 11314 11313
49005 11265 11266 11313 11312
49006 11264 11265 11312 11311
49007 11263 11264 11311 11310
49008 11262 11263 11310 11309
49009 11261 11262 11309 11308
49010 11260 11261 11308 11307
49011 11259 11260 11307 11306
49012 11258 11259 11306 11305
49013 11257 11258 11305 11304
49014 11256 11257 11304 11303
49015 11255 11256 11303 11302
49016 11254 11255 11302 11301
49017 11253 11254 11301 11300
49018 11252 11253 11300 11299
49019 11251 11252 11299 11298
49020 11250 11251 11298 11297
49021 11249 11250 11297 11296
49082 11295 5781 5782 11342
49083 9488 11249 11296 9489
51210 11247 11248 11295 11294
51211 11246 11247 11294 11293
51212 11245 11246 11293 11292
51213 11244 11245 11292 11291
51214 11243 11244 11291 11290
51215 11242 11243 11290 11289
51216 11241 11242 11289 11288
51217 11240 11241 11288 11287
51218 11239 11240 11287 11286
51219 11238 11239 11286 11285
51220 11237 11238 11285 11284
51221 11236 11237 11284 11283
51222 11235 11236 11283 11282
51223 11234 11235 11282 11281
51224 11233 11234 11281 11280
51225 11232 11233 11280 11279
51226 11231 11232 11279 11278
51227 11230 11231 11278 11277
51228 11229 11230 11277 11276
51229 11228 11229 11276 11275
51230 11227 11228 11275 11274
51231 11226 11227 11274 11273
51232 11225 11226 11273 11272
51233 11224 11225 11272 11271
51234 11223 11224 11271 11270
51235 11222 11223 11270 11269
51236 11221 11222 11269 11268
51237 11220 11221 11268 11267
51238 11219 11220 11267 11266
51239 11218 11219 11266 11265
51240 11217 11218 11265 11264
51241 11216 11217 11264 11263
51242 11215 11216 11263 11262
51243 11214 11215 11262 11261
51244 11213 11214 11261 11260
51245 11212 11213 11260 11259
51246 11211 11212 11259 11258
51247 11210 11211 11258 11257
51248 11209 11210 11257 11256
51249 11208 11209 11256 11255
51250 11207 11208 11255 11254
51251 11206 11207 11254 11253
51252 11205 11206 11253 11252
51253 11204 11205 11252 11251
51254 11203 11204 11251 11250
51255 11202 11203 11250 11249
51316 11248 5780 5781 11295
51317 9487 11202 11249 9488
53444 11200 11201 11248 11247
53445 11199 11200 11247 11246
53446 11198 11199 11246 11245
53447 11197 11198 11245 11244
53448 11196 11197 11244 11243
53449 11195 11196 11243 11242
53450 11194 11195 11242 11241
53451 11193 11194 11241 11240
53452 11192 11193 11240 11239
53453 11191 11192 11239 11238
53454 11190 11191 11238 11237
53455 11189 11190 11237 11236
53456 11188 11189 11236 11235
53457 11187 11188 11235 11234
53458 11186 11187 11234 11233
53459 11185 11186 11233 11232
53460 11184 11185 11232 11231
53461 11183 11184 11231 11230
53462 11182 11183 11230 11229
53463 11181 11182 11229 11228
53464 11180 11181 11228 11227
53465 11179 11180 11227 11226
53466 11178 11179 11226 11225
53467 11177 11178 11225 11224
53468 11176 11177 11224 11223
53469 11175 11176 11223 11222
53470 11174 11175 11222 11221
53471 11173 11174 11221 11220
53472 11172 11173 11220 11219
53473 11171 11172 11219 11218
53474 11170 11171 11218 11217
53475 11169 11170 11217 11216
53476 11168 11169 11216 11215
53477 11167 11168 11215 11214
53478 11166 11167 11214 11213
53479 11165 11166 11213 11212
53480 11164 11165 11212 11211
53481 11163 11164 11211 11210
53482 11162 11163 11210 11209
53483 11161 11162 11209 11208
53484 11160 11161 11208 11207
53485 11159 11160 11207 11206
53486 11158 11159 11206 11205
53487 11157 11158 11205 11204
53488 11156 11157 11204 11203
53489 11155 11156 11203 11202
53550 11201 5779 5780 11248
53551 9486 11155 11202 9487
55678 11153 11154 11201 11200
55679 11152 11153 11200 11199
55680 11151 11152 11199 11198
55681 11150 11151 11198 11197
55682 11149 11150 11197 11196
55683 11148 11149 11196 11195
55684 11147 11148 11195 11194
55685 11146 11147 11194 11193
55686 11145 11146 11193 11192
55687 11144 11145 11192 11191
55688 11143 11144 11191 11190
55689 11142 11143 11190 11189
55690 11141 11142 11189 11188
55691 11140 11141 11188 11187
55692 11139 11140 11187 11186
55693 11138 11139 11186 11185
55694 11137 11138 11185 11184
55695 11136 11137 11184 11183
55696 11135 11136 11183 11182
55697 11134 11135 11182 11181
55698 11133 11134 11181 11180
55699 11132 11133 11180 11179
55700 11131 11132 11179 11178
55701 11130 11131 11178 11177
55702 11129 11130 11177 11176
55703 11128 11129 11176 11175
55704 11127 11128 11175 11174
55705 11126 11127 11174 11173
55706 11125 11126 11173 11172
55707 11124 11125 11172 11171
55708 11123 11124 11171 11170
55709 11122 11123 11170 11169
55710 11121 11122 11169 11168
55711 11120 11121 11168 11167
55712 11119 11120 11167 11166
55713 11118 11119 11166 11165
55714 11117 11118 11165 11164
55715 11116 11117 11164 11163
55716 11115 11116 11163 11162
55717 11114 11115 11162 11161
55718 11113 11114 11161 11160
55719 11112 11113 11160 11159
55720 11111 11112 11159 11158
55721 11110 11111 11158 11157
55722 11109 11110 11157 11156
55723 11108 11109 11156 11155
55784 11154 5778 5779 11201
55785 9485 11108 11155 9486
57912 11106 11107 11154 11153
57913 11105 11106 11153 11152
57914 11104 11105 11152 11151
57915 11103 11104 11151 11150
57916 11102 11103 11150 11149
57917 11101 11102 11149 11148
57918 11100 11101 11148 11147
57919 11099 11100 11147 11146
57920 11098 11099 11146 11145
57921 11097 11098 11145 11144
57922 11096 11097 11144 11143
57923 11095 11096 11143 11142
57924 11094 11095 11142 11141
57925 11093 11094 11141 11140
57926 11092 11093 11140 11139
57927 11091 11092 11139 11138
57928 11090 11091 11138 11137
57929 11089 11090 11137 11136
57930 11088 11089 11136 11135
57931 11087 11088 11135 11134
57932 11086 11087 11134 11133
57933 11085 11086 11133 11132
57934 11084 11085 11132 11131
57935 11083 11084 11131 11130
57936 11082 11083 11130 11129
57937 11081 11082 11129 11128
57938 11080 11081 11128 11127
57939 11079 11080 11127 11126
57940 11078 11079 11126 11125
57941 11077 11078 11125 11124
57942 11076 11077 11124 11123
57943 11075 11076 11123 11122
57944 11074 11075 11122 11121
57945 11073 11074 11121 11120
57946 11072 11073 11120 11119
57947 11071 11072 11119 11118
57948 11070 11071 11118 11117
57949 11069 11070 11117 11116
57950 11068 11069 11116 11115
57951 11067 11068 11115 11114
57952 11066 11067 11114 11113
57953 11065 11066 11113 11112
57954 11064 11065 11112 11111
57955 11063 11064 11111 11110
57956 11062 11063 11110 11109
57957 11061 11062 11109 11108
58018 11107 5777 5778 11154
58019 9484 11061 11108 9485
60146 11059 11060 11107 11106
60147 11058 11059 11106 11105
60148 11057 11058 11105 11104
60149 11056 11057 11104 11103
60150 11055 11056 11103 11102
60151 11054 11055 11102 11101
60152 11053 11054 11101 11100
60153 11052 11053 11100 11099
60154 11051 11052 11099 11098
60155 11050 11051 11098 11097
60156 11049 11050 11097 11096
60157 11048 11049 11096 11095
60158 11047 11048 11095 11094
60159 11046 11047 11094 11093
60160 11045 11046 11093 11092
60161 11044 11045 11092 11091
60162 11043 11044 11091 11090
60163 11042 11043 11090 11089
60164 11041 11042 11089 11088
60165 11040 11041 11088 11087
60166 11039 11040 11087 11086
60167 11038 11039 11086 11085
60168 11037 11038 11085 11084
60169 11036 11037 11084 11083
60170 11035 11036 11083 11082
60171 11034 11035 11082 11081
60172 11033 11034 11081 11080
60173 11032 11033 11080 11079
60174 11031 11032 11079 11078
60175 11030 11031 11078 11077
60176 11029 11030 11077 11076
60177 11028 11029 11076 11075
60178 11027 11028 11075 11074
60179 11026 11027 11074 11073
60180 11025 11026 11073 11072
60181 11024 11025 11072 11071
60182 11023 11024 11071 11070
60183 11022 11023 11070 11069
60184 11021 11022 11069 11068
60185 11020 11021 11068 11067
60186 11019 11020 11067 11066
60187 11018 11019 11066 11065
60188 11017 11018 11065 11064
60189 11016 11017 11064 11063
60190 11015 11016 11063 11062
60191 11014 11015 11062 11061
60252 11060 5776 5777 11107
60253 9483 11014 11061 9484
62380 11012 11013 11060 11059
62381 11011 11012 11059 11058
62382 11010 11011 11058 11057
62383 11009 11010 11057 11056
62384 11008 11009 11056 11055
62385 11007 11008 11055 11054
62386 11006 11007 11054 11053
62387 11005 11006 11053 11052
62388 11004 11005 11052 11051
62389 11003 11004 11051 11050
62390 11002 11003 11050 11049
62391 11001 11002 11049 11048
62392 11000 11001 11048 11047
62393 10999 11000 11047 11046
62394 10998 10999 11046 11045
62395 10997 10998 11045 11044
62396 10996 10997 11044 11043
62397 10995 10996 11043 11042
62398 10994 10995 11042 11041
62399 10993 10994 11041 11040
62400 10992 10993 11040 11039
62401 10991 10992 11039 11038
62402 10990 10991 11038 11037
62403 10989 10990 11037 11036
62404 10988 10989 11036 11035
62405 10987 10988 11035 11034
62406 10986 10987 11034 11033
62407 10985 10986 11033 11032
62408 10984 10985 11032 11031
62409 10983 10984 11031 11030
62410 10982 10983 11030 11029
62411 10981 10982 11029 11028
62412 10980 10981 11028 11027
62413 10979 10980 11027 11026
62414 10978 10979 11026 11025
62415 10977 10978 11025 11024
62416 10976 10977 11024 11023
62417 10975 10976 11023 11022
62418 10974 10975 11022 11021
62419 10973 10974 11021 11020
62420 10972 10973 11020 11019
62421 10971 10972 11019 11018
62422 10970 10971 11018 11017
62423 10969 10970 11017 11016
62424 10968 10969 11016 11015
62425 10967 10968 11015 11014
62486 11013 5775 5776 11060
62487 9482 10967 11014 9483
64614 10965 10966 11013 11012
64615 10964 10965 11012 11011
64616 10963 10964 11011 11010
64617 10962 10963 11010 11009
64618 10961 10962 11009 11008
64619 10960 10961 11008 11007
64620 10959 10960 11007 11006
64621 10958 10959 11006 11005
64622 10957 10958 11005 11004
64623 10956 10957 11004 11003
64624 10955 10956 11003 11002
64625 10954 10955 11002 11001
64626 10953 10954 11001 11000
64627 10952 10953 11000 10999
64628 10951 10952 10999 10998
64629 10950 10951 10998 10997
64630 10949 10950 10997 10996
64631 10948 10949 10996 10995
64632 10947 10948 10995 10994
64633 10946 10947 10994 10993
64634 10945 10946 10993 10992
64635 10944 10945 10992 10991
64636 10943 10944 10991 10990
64637 10942 10943 10990 10989
64638 10941 10942 10989 10988
64639 10940 10941 10988 10987
64640 10939 10940 10987 10986
64641 10938 10939 10986 10985
64642 10937 10938 10985 10984
64643 10936 10937 10984 10983
64644 10935 10936 10983 10982
64645 10934 10935 10982 10981
64646 10933 10934 10981 10980
64647 10932 10933 10980 10979
64648 10931 10932 10979 10978
64649 10930 10931 10978 10977
64650 10929 10930 10977 10976
64651 10928 10929 10976 10975
64652 10927 10928 10975 10974
64653 10926 10927 10974 10973
64654 10925 10926 10973 10972
64655 10924 10925 10972 10971
64656 10923 10924 10971 10970
64657 10922 10923 10970 10969
64658 10921 10922 10969 10968
64659 10920 10921 10968 10967
64720 10966 5774 5775 11013
64721 9481 10920 10967 9482
66848 10918 10919 10966 10965
66849 10917 10918 10965 10964
66850 10916 10917 10964 10963
66851 10915 10916 10963 10962
66852 10914 10915 10962 10961
66853 10913 10914 10961 10960
66854 10912 10913 10960 10959
66855 10911 10912 10959 10958
66856 10910 10911 10958 10957
66857 10909 10910 10957 10956
66858 10908 10909 10956 10955
66859 10907 10908 10955 10954
66860 10906 10907 10954 10953
66861 10905 10906 10953 10952
66862 10904 10905 10952 10951
66863 10903 10904 10951 10950
66864 10902 10903 10950 10949
66865 10901 10902 10949 10948
66866 10900 10901 10948 10947
66867 10899 10900 10947 10946
66868 10898 10899 10946 10945
66869 10897 10898 10945 10944
66870 10896 10897 10944 10943
66871 10895 10896 10943 10942
66872 10894 10895 10942 10941
66873 10893 10894 10941 10940
66874 10892 10893 10940 10939
66875 10891 10892 10939 10938
66876 10890 10891 10938 10937
66877 10889 10890 10937 10936
66878 10888 10889 10936 10935
66879 10887 10888 10935 10934
66880 10886 10887 10934 10933
66881 10885 10886 10933 10932
66882 10884 10885 10932 10931
66883 10883 10884 10931 10930
66884 10882 10883 10930 10929
66885 10881 10882 10929 10928
66886 10880 10881 10928 10927
66887 10879 10880 10927 10926
66888 10878 10879 10926 10925
66889 10877 10878 10925 10924
66890 10876 10877 10924 10923
66891 10875 10876 10923 10922
66892 10874 10875 10922 10921
66893 10873 10874 10921 10920
66954 10919 5773 5774 10966
66955 9480 10873 10920 9481
69082 10871 10872 10919 10918
69083 10870 10871 10918 10917
69084 10869 10870 10917 10916
69085 10868 10869 10916 10915
69086 10867 10868 10915 10914
69087 10866 10867 10914 10913
69088 10865 10866 10913 10912
69089 10864 10865 10912 10911
69090 10863 10864 10911 10910
69091 10862 10863 10910 10909
69092 10861 10862 10909 10908
69093 10860 10861 10908 10907
69094 10859 10860 10907 10906
69095 10858 10859 10906 10905
69096 10857 10858 10905 10904
69097 10856 10857 10904 10903
69098 10855 10856 10903 10902
69099 10854 10855 10902 10901
69100 10853 10854 10901 10900
69101 10852 10853 10900 10899
69102 10851 10852 10899 10898
69103 10850 10851 10898 10897
69104 10849 10850 10897 10896
69105 10848 10849 10896 10895
69106 10847 10848 10895 10894
69107 10846 10847 10894 10893
69108 10845 10846 10893 10892
69109 10844 10845 10892 10891
69110 10843 10844 10891 10890
69111 10842 10843 10890 10889
69112 10841 10842 10889 10888
69113 10840 10841 10888 10887
69114 10839 10840 10887 10886
69115 10838 10839 10886 10885
69116 10837 10838 10885 10884
69117 10836 10837 10884 10883
69118 10835 10836 10883 10882
69119 10834 10835 10882 10881
69120 10833 10834 10881 10880
69121 10832 10833 10880 10879
69122 10831 10832 10879 10878
69123 10830 10831 10878 10877
69124 10829 10830 10877 10876
69125 10828 10829 10876 10875
69126 10827 10828 10875 10874
69127 10826 10827 10874 10873
69188 10872 5772 5773 10919
69189 9479 10826 10873 9480
71316 10824 10825 10872 10871
71317 10823 10824 10871 10870
71318 10822 10823 10870 10869
71319 10821 10822 10869 10868
71320 10820 10821 10868 10867
71321 10819 10820 10867 10866
71322 10818 10819 10866 10865
71323 10817 10818 10865 10864
71324 10816 10817 10864 10863
71325 10815 10816 10863 10862
71326 10814 10815 10862 10861
71327 10813 10814 10861 10860
71328 10812 10813 10860 10859
71329 10811 10812 10859 10858
71330 10810 10811 10858 10857
71331 10809 10810 10857 10856
71332 10808 10809 10856 10855
71333 10807 10808 10855 10854
71334 10806 10807 10854 10853
71335 10805 10806 10853 10852
71336 10804 10805 10852 10851
71337 10803 10804 10851 10850
71338 10802 10803 10850 10849
71339 10801 10802 10849 10848
71340 10800 10801 10848 10847
71341 10799 10800 10847 10846
71342 10798 10799 10846 10845
71343 10797 10798 10845 10844
71344 10796 10797 10844 10843
71345 10795 10796 10843 10842
71346 10794 10795 10842 10841
71347 10793 10794 10841 10840
71348 10792 10793 10840 10839
71349 10791 10792 10839 10838
71350 10790 10791 10838 10837
71351 10789 10790 10837 10836
71352 10788 10789 10836 10835
71353 10787 10788 10835 10834
71354 10786 10787 10834 10833
71355 10785 10786 10833 10832
71356 10784 10785 10832 10831
71357 10783 10784 10831 10830
71358 10782 10783 10830 10829
71359 10781 10782 10829 10828
71360 10780 10781 10828 10827
71361 10779 10780 10827 10826
71422 10825 5771 5772 10872
71423 9478 10779 10826 9479
73550 10777 10778 10825 10824
73551 10776 10777 10824 10823
73552 10775 10776 10823 10822
73553 10774 10775 10822 10821
73554 10773 10774 10821 10820
73555 10772 10773 10820 10819
73556 10771 10772 10819 10818
73557 10770 10771 10818 10817
73558 10769 10770 10817 10816
73559 10768 10769 10816 10815
73560 10767 10768 10815 10814
73561 10766 10767 10814 10813
73562 10765 10766 10813 10812
73563 10764 10765 10812 10811
73564 10763 10764 10811 10810
73565 10762 10763 10810 10809
73566 10761 10762 10809 10808
73567 10760 10761 10808 10807
73568 10759 10760 10807 10806
73569 10758 10759 10806 10805
73570 10757 10758 10805 10804
73571 10756 10757 10804 10803
73572 10755 10756 10803 10802
73573 10754 10755 10802 10801
73574 10753 10754 10801 10800
73575 10752 10753 10800 10799
73576 10751 10752 10799 10798
73577 10750 10751 10798 10797
73578 10749 10750 10797 10796
73579 10748 10749 10796 10795
73580 10747 10748 10795 10794
73581 10746 10747 10794 10793
73582 10745 10746 10793 10792
73583 10744 10745 10792 10791
73584 10743 10744 10791 10790
73585 10742 10743 10790 10789
73586 10741 10742 10789 10788
73587 10740 10741 10788 10787
73588 10739 10740 10787 10786
73589 10738 10739 10786 10785
73590 10737 10738 10785 10784
73591 10736 10737 10784 10783
73592 10735 10736 10783 10782
73593 10734 10735 10782 10781
73594 10733 10734 10781 10780
73595 10732 10733 10780 10779
73656 10778 5770 5771 10825
73657 9477 10732 10779 9478
75784 10730 10731 10778 10777
75785 10729 10730 10777 10776
75786 10728 10729 10776 10775
75787 10727 10728 10775 10774
75788 10726 10727 10774 10773
75789 10725 10726 10773 10772
75790 10724 10725 10772 10771
75791 10723 10724 10771 10770
75792 10722 10723 10770 10769
75793 10721 10722 10769 10768
75794 10720 10721 10768 10767
75795 10719 10720 10767 10766
75796 10718 10719 10766 10765
75797 10717 10718 10765 10764
75798 10716 10717 10764 10763
75799 10715 10716 10763 10762
75800 10714 10715 10762 10761
75801 10713 10714 10761 10760
75802 10712 10713 10760 10759
75803 10711 10712 10759 10758
75804 10710 10711 10758 10757
75805 10709 10710 10757 10756
75806 10708 10709 10756 10755
75807 10707 10708 10755 10754
75808 10706 10707 10754 10753
75809 10705 10706 10753 10752
75810 10704 10705 10752 10751
75811 10703 10704 10751 10750
75812 10702 10703 10750 10749
75813 10701 10702 10749 10748
75814 10700 10701 10748 10747
75815 10699 10700 10747 10746
75816 10698 10699 10746 10745
75817 10697 10698 10745 10744
75818 10696 10697 10744 10743
75819 10695 10696 10743 10742
75820 10694 10695 10742 10741
75821 10693 10694 10741 10740
75822 10692 10693 10740 10739
75823 10691 10692 10739 10738
75824 10690 10691 10738 10737
75825 10689 10690 10737 10736
75826 10688 10689 10736 10735
75827 10687 10688 10735 10734
75828 10686 10687 10734 10733
75829 10685 10686 10733 10732
75890 10731 5769 5770 10778
75891 9476 10685 10732 9477
78018 10683 10684 10731 10730
78019 10682 10683 10730 10729
78020 10681 10682 10729 10728
78021 10680 10681 10728 10727
78022 10679 10680 10727 10726
78023 10678 10679 10726 10725
78024 10677 10678 10725 10724
78025 10676 10677 10724 10723
78026 10675 10676 10723 10722
78027 10674 10675 10722 10721
78028 10673 10674 10721 10720
78029 10672 10673 10720 10719
78030 10671 10672 10719 10718
78031 10670 10671 10718 10717
78032 10669 10670 10717 10716
78033 10668 10669 10716 10715
78034 10667 10668 10715 10714
78035 10666 10667 10714 10713
78036 10665 10666 10713 10712
78037 10664 10665 10712 10711
78038 10663 10664 10711 10710
78039 10662 10663 10710 10709
78040 10661 10662 10709 10708
78041 10660 10661 10708 10707
78042 10659 10660 10707 10706
78043 10658 10659 10706 10705
78044 10657 10658 10705 10704
78045 10656 10657 10704 10703
78046 10655 10656 10703 10702
78047 10654 10655 10702 10701
78048 10653 10654 10701 10700
78049 10652 10653 10700 10699
78050 10651 10652 10699 10698
78051 10650 10651 10698 10697
78052 10649 10650 10697 10696
78053 10648 10649 10696 10695
78054 10647 10648 10695 10694
78055 10646 10647 10694 10693
78056 10645 10646 10693 10692
78057 10644 10645 10692 10691
78058 10643 10644 10691 10690
78059 10642 10643 10690 10689
78060 10641 10642 10689 10688
78061 10640 10641 10688 10687
78062 10639 10640 10687 10686
78063 10638 10639 10686 10685
78124 10684 5768 5769 10731
78125 9475 10638 10685 9476
80252 10636 10637 10684 10683
80253 10635 10636 10683 10682
80254 10634 10635 10682 10681
80255 10633 10634 10681 10680
80256 10632 10633 10680 10679
80257 10631 10632 10679 10678
80258 10630 10631 10678 10677
80259 10629 10630 10677 10676
80260 10628 10629 10676 10675
80261 10627 10628 10675 10674
80262 10626 10627 10674 10673
80263 10625 10626 10673 10672
80264 10624 10625 10672 10671
80265 10623 10624 10671 10670
80266 10622 10623 10670 10669
80267 10621 10622 10669 10668
80268 10620 10621 10668 10667
80269 10619 10620 10667 10666
80270 10618 10619 10666 10665
80271 10617 10618 10665 10664
80272 10616 10617 10664 10663
80273 10615 10616 10663 10662
80274 10614 10615 10662 10661
80275 10613 10614 10661 10660
80276 10612 10613 10660 10659
80277 10611 10612 10659 10658
80278 10610 10611 10658 10657
80279 10609 10610 10657 10656
80280 10608 10609 10656 10655
80281 10607 10608 10655 10654
80282 10606 10607 10654 10653
80283 10605 10606 10653 10652
80284 10604 10605 10652 10651
80285 10603 10604 10651 10650
80286 10602 10603 10650 10649
80287 10601 10602 10649 10648
80288 10600 10601 10648 10647
80289 10599 10600 10647 10646
80290 10598 10599 10646 10645
80291 10597 10598 10645 10644
80292 10596 10597 10644 10643
80293 10595 10596 10643 10642
80294 10594 10595 10642 10641
80295 10593 10594 10641 10640
80296 10592 10593 10640 10639
80297 10591 10592 10639 10638
80358 10637 5767 5768 10684
80359 9474 10591 10638 9475
82486 10589 10590 10637 10636
82487 10588 10589 10636 10635
82488 10587 10588 10635 10634
82489 10586 10587 10634 10633
82490 10585 10586 10633 10632
82491 10584 10585 10632 10631
82492 10583 10584 10631 10630
82493 10582 10583 10630 10629
82494 10581 10582 10629 10628
82495 10580 10581 10628 10627
82496 10579 10580 10627 10626
82497 10578 10579 10626 10625
82498 10577 10578 10625 10624
82499 10576 10577 10624 10623
82500 10575 10576 10623 10622
82501 10574 10575 10622 10621
82502 10573 10574 10621 10620
82503 10572 10573 10620 10619
82504 10571 10572 10619 10618
82505 10570 10571 10618 10617
82506 10569 10570 10617 10616
82507 10568 10569 10616 10615
82508 10567 10568 10615 10614
82509 10566 10567 10614 10613
82510 10565 10566 10613 10612
82511 10564 10565 10612 10611
82512 10563 10564 10611 10610
82513 10562 10563 10610 10609
82514 10561 10562 10609 10608
82515 10560 10561 10608 10607
82516 10559 10560 10607 10606
82517 10558 10559 10606 10605
82518 10557 10558 10605 10604
82519 10556 10557 10604 10603
82520 10555 10556 10603 10602
82521 10554 10555 10602 10601
82522 10553 10554 10601 10600
82523 10552 10553 10600 10599
82524 10551 10552 10599 10598
82525 10550 10551 10598 10597
82526 10549 10550 10597 10596
82527 10548 10549 10596 10595
82528 10547 10548 10595 10594
82529 10546 10547 10594 10593
82530 10545 10546 10593 10592
82531 10544 10545 10592 10591
82592 10590 5766 5767 10637
82593 9473 10544 10591 9474
84720 10542 10543 10590 10589
84721 10541 10542 10589 10588
84722 10540 10541 10588 10587
84723 10539 10540 10587 10586
84724 10538 10539 10586 10585
84725 10537 10538 10585 10584
84726 10536 10537 10584 10583
84727 10535 10536 10583 10582
84728 10534 10535 10582 10581
84729 10533 10534 10581 10580
84730 10532 10533 10580 10579
84731 10531 10532 10579 10578
84732 10530 10531 10578 10577
84733 10529 10530 10577 10576
84734 10528 10529 10576 10575
84735 10527 10528 10575 10574
84736 10526 10527 10574 10573
84737 10525 10526 10573 10572
84738 10524 10525 10572 10571
84739 10523 10524 10571 10570
84740 10522 10523 10570 10569
84741 10521 10522 10569 10568
84742 10520 10521 10568 10567
84743 10519 10520 10567 10566
84744 10518 10519 10566 10565
84745 10517 10518 10565 10564
84746 10516 10517 10564 10563
84747 10515 10516 10563 10562
84748 10514 10515 10562 10561
84749 10513 10514 10561 10560
84750 10512 10513 10560 10559
84751 10511 10512 10559 10558
84752 10510 10511 10558 10557
84753 10509 10510 10557 10556
84754 10508 10509 10556 10555
84755 10507 10508 10555 10554
84756 10506 10507 10554 10553
84757 10505 10506 10553 10552
84758 10504 10505 10552 10551
84759 10503 10504 10551 10550
84760 10502 10503 10550 10549
84761 10501 10502 10549 10548
84762 10500 10501 10548 10547
84763 10499 10500 10547 10546
84764 10498 10499 10546 10545
84765 10497 10498 10545 10544
84826 10543 5765 5766 10590
84827 9472 10497 10544 9473
86954 10495 10496 10543 10542
86955 10494 10495 10542 10541
86956 10493 10494 10541 10540
86957 10492 10493 10540 10539
86958 10491 10492 10539 10538
86959 10490 10491 10538 10537
86960 10489 10490 10537 10536
86961 10488 10489 10536 10535
86962 10487 10488 10535 10534
86963 10486 10487 10534 10533
86964 10485 10486 10533 10532
86965 10484 10485 10532 10531
86966 10483 10484 10531 10530
86967 10482 10483 10530 10529
86968 10481 10482 10529 10528
86969 10480 10481 10528 10527
86970 10479 10480 10527 10526
86971 10478 10479 10526 10525
86972 10477 10478 10525 10524
86973 10476 10477 10524 10523
86974 10475 10476 10523 10522
86975 10474 10475 10522 10521
86976 10473 10474 10521 10520
86977 10472 10473 10520 10519
86978 10471 10472 10519 10518
86979 10470 10471 10518 10517
86980 10469 10470 10517 10516
86981 10468 10469 10516 10515
86982 10467 10468 10515 10514
86983 10466 10467 10514 10513
86984 10465 10466 10513 10512
86985 10464 10465 10512 10511
86986 10463 10464 10511 10510
86987 10462 10463 10510 10509
86988 10461 10462 10509 10508
86989 10460 10461 10508 10507
86990 10459 10460 10507 10506
86991 10458 10459 10506 10505
86992 10457 10458 10505 10504
86993 10456 10457 10504 10503
86994 10455 10456 10503 10502
86995 10454 10455 10502 10501
86996 10453 10454 10501 10500
86997 10452 10453 10500 10499
86998 10451 10452 10499 10498
86999 10450 10451 10498 10497
87060 10496 5764 5765 10543
87061 9471 10450 10497 9472
89188 10448 10449 10496 10495
89189 10447 10448 10495 10494
89190 10446 10447 10494 10493
89191 10445 10446 10493 10492
89192 10444 10445 10492 10491
89193 10443 10444 10491 10490
89194 10442 10443 10490 10489
89195 10441 10442 10489 10488
89196 10440 10441 10488 10487
89197 10439 10440 10487 10486
89198 10438 10439 10486 10485
89199 10437 10438 10485 10484
89200 10436 10437 10484 10483
89201 10435 10436 10483 10482
89202 10434 10435 10482 10481
89203 10433 10434 10481 10480
89204 10432 10433 10480 10479
89205 10431 10432 10479 10478
89206 10430 10431 10478 10477
89207 10429 10430 10477 10476
89208 10428 10429 10476 10475
89209 10427 10428 10475 10474
89210 10426 10427 10474 10473
89211 10425 10426 10473 10472
89212 10424 10425 10472 10471
89213 10423 10424 10471 10470
89214 10422 10423 10470 10469
89215 10421 10422 10469 10468
89216 10420 10421 10468 10467
89217 10419 10420 10467 10466
89218 10418 10419 10466 10465
89219 10417 10418 10465 10464
89220 10416 10417 10464 10463
89221 10415 10416 10463 10462
89222 10414 10415 10462 10461
89223 10413 10414 10461 10460
89224 10412 10413 10460 10459
89225 10411 10412 10459 10458
89226 10410 10411 10458 10457
89227 10409 10410 10457 10456
89228 10408 10409 10456 10455
89229 10407 10408 10455 10454
89230 10406 10407 10454 10453
89231 10405 10406 10453 10452
89232 10404 10405 10452 10451
89233 10403 10404 10451 10450
89294 10449 5763 5764 10496
89295 9470 10403 10450 9471
91422 10401 10402 10449 10448
91423 10400 10401 10448 10447
91424 10399 10400 10447 10446
91425 10398 10399 10446 10445
91426 10397 10398 10445 10444
91427 10396 10397 10444 10443
91428 10395 10396 10443 10442
91429 10394 10395 10442 10441
91430 10393 10394 10441 10440
91431 10392 10393 10440 10439
91432 10391 10392 10439 10438
91433 10390 10391 10438 10437
91434 10389 10390 10437 10436
91435 10388 10389 10436 10435
91436 10387 10388 10435 10434
91437 10386 10387 10434 10433
91438 10385 10386 10433 10432
91439 10384 10385 10432 10431
91440 10383 10384 10431 10430
91441 10382 10383 10430 10429
91442 10381 10382 10429 10428
91443 10380 10381 10428 10427
91444 10379 10380 10427 10426
91445 10378 10379 10426 10425
91446 10377 10378 10425 10424
91447 10376 10377 10424 10423
91448 10375 10376 10423 10422
91449 10374 10375 10422 10421
91450 10373 10374 10421 10420
91451 10372 10373 10420 10419
91452 10371 10372 10419 10418
91453 10370 10371 10418 10417
91454 10369 10370 10417 10416
91455 10368 10369 10416 10415
91456 10367 10368 10415 10414
91457 10366 10367 10414 10413
91458 10365 10366 10413 10412
91459 10364 10365 10412 10411
91460 10363 10364 10411 10410
91461 10362 10363 10410 10409
91462 10361 10362 10409 10408
91463 10360 10361 10408 10407
91464 10359 10360 10407 10406
91465 10358 10359 10406 10405
91466 10357 10358 10405 10404
91467 10356 10357 10404 10403
91528 10402 5762 5763 10449
91529 9469 10356 10403 9470
93656 10354 10355 10402 10401
93657 10353 10354 10401 10400
93658 10352 10353 10400 10399
93659 10351 10352 10399 10398
93660 10350 10351 10398 10397
93661 10349 10350 10397 10396
93662 10348 10349 10396 10395
93663 10347 10348 10395 10394
93664 10346 10347 10394 10393
93665 10345 10346 10393 10392
93666 10344 10345 10392 10391
93667 10343 10344 10391 10390
93668 10342 10343 10390 10389
93669 10341 10342 10389 10388
93670 10340 10341 10388 10387
93671 10339 10340 10387 10386
93672 10338 10339 10386 10385
93673 10337 10338 10385 10384
93674 10336 10337 10384 10383
93675 10335 10336 10383 10382
93676 10334 10335 10382 10381
93677 10333 10334 10381 10380
93678 10332 10333 10380 10379
93679 10331 10332 10379 10378
93680 10330 10331 10378 10377
93681 10329 10330 10377 10376
93682 10328 10329 10376 10375
93683 10327 10328 10375 10374
93684 10326 10327 10374 10373
93685 10325 10326 10373 10372
93686 10324 10325 10372 10371
93687 10323 10324 10371 10370
93688 10322 10323 10370 10369
93689 10321 10322 10369 10368
93690 10320 10321 10368 10367
93691 10319 10320 10367 10366
93692 10318 10319 10366 10365
93693 10317 10318 10365 10364
93694 10316 10317 10364 10363
93695 10315 10316 10363 10362
93696 10314 10315 10362 10361
93697 10313 10314 10361 10360
93698 10312 10313 10360 10359
93699 10311 10312 10359 10358
93700 10310 10311 10358 10357
93701 10309 10310 10357 10356
93762 10355 5761 5762 10402
93763 9468 10309 10356 9469
95890 10307 10308 10355 10354
95891 10306 10307 10354 10353
95892 10305 10306 10353 10352
95893 10304 10305 10352 10351
95894 10303 10304 10351 10350
95895 10302 10303 10350 10349
95896 10301 10302 10349 10348
95897 10300 10301 10348 10347
95898 10299 10300 10347 10346
95899 10298 10299 10346 10345
95900 10297 10298 10345 10344
95901 10296 10297 10344 10343
95902 10295 10296 10343 10342
95903 10294 10295 10342 10341
95904 10293 10294 10341 10340
95905 10292 10293 10340 10339
95906 10291 10292 10339 10338
95907 10290 10291 10338 10337
95908 10289 10290 10337 10336
95909 10288 10289 10336 10335
95910 10287 10288 10335 10334
95911 10286 10287 10334 10333
95912 10285 10286 10333 10332
95913 10284 10285 10332 10331
95914 10283 10284 10331 10330
95915 10282 10283 10330 10329
95916 10281 10282 10329 10328
95917 10280 10281 10328 10327
95918 10279 10280 10327 10326
95919 10278 10279 10326 10325
95920 10277 10278 10325 10324
95921 10276 10277 10324 10323
95922 10275 10276 10323 10322
95923 10274 10275 10322 10321
95924 10273 10274 10321 10320
95925 10272 10273 10320 10319
95926 10271 10272 10319 10318
95927 10270 10271 10318 10317
95928 10269 10270 10317 10316
95929 10268 10269 10316 10315
95930 10267 10268 10315 10314
95931 10266 10267 10314 10313
95932 10265 10266 10313 10312
95933 10264 10265 10312 10311
95934 10263 10264 10311 10310
95935 10262 10263 10310 10309
95996 10308 5760 5761 10355
95997 9467 10262 10309 9468
98124 10260 10261 10308 10307
98125 10259 10260 10307 10306
98126 10258 10259 10306 10305
98127 10257 10258 10305 10304
98128 10256 10257 10304 10303
98129 10255 10256 10303 10302
98130 10254 10255 10302 10301
98131 10253 10254 10301 10300
98132 10252 10253 10300 10299
98133 10251 10252 10299 10298
98134 10250 10251 10298 10297
98135 10249 10250 10297 10296
98136 10248 10249 10296 10295
98137 10247 10248 10295 10294
98138 10246 10247 10294 10293
98139 10245 10246 10293 10292
98140 10244 10245 10292 10291
98141 10243 10244 10291 10290
98142 10242 10243 10290 10289
98143 10241 10242 10289 10288
98144 10240 10241 10288 10287
98145 10239 10240 10287 10286
98146 10238 10239 10286 10285
98147 10237 10238 10285 10284
98148 10236 10237 10284 10283
98149 10235 10236 10283 10282
98150 10234 10235 10282 10281
98151 10233 10234 10281 10280
98152 10232 10233 10280 10279
98153 10231 10232 10279 10278
98154 10230 10231 10278 10277
98155 10229 10230 10277 10276
98156 10228 10229 10276 10275
98157 10227 10228 10275 10274
98158 10226 10227 10274 10273
98159 10225 10226 10273 10272
98160 10224 10225 10272 10271
98161 10223 10224 10271 10270
98162 10222 10223 10270 10269
98163 10221 10222 10269 10268
98164 10220 10221 10268 10267
98165 10219 10220 10267 10266
98166 10218 10219 10266 10265
98167 10217 10218 10265 10264
98168 10216 10217 10264 10263
98169 10215 10216 10263 10262
98230 10261 5759 5760 10308
98231 9466 10215 10262 9467
100358 10213 10214 10261 10260
100359 10212 10213 10260 10259
100360 10211 10212 10259 10258
100361 10210 10211 10258 10257
100362 10209 10210 10257 10256
100363 10208 10209 10256 10255
100364 10207 10208 10255 10254
100365 10206 10207 10254 10253
100366 10205 10206 10253 10252
100367 10204 10205 10252 10251
100368 10203 10204 10251 10250
100369 10202 10203 10250 10249
100370 10201 10202 10249 10248
100371 10200 10201 10248 10247
100372 10199 10200 10247 10246
100373 10198 10199 10246 10245
100374 10197 10198 10245 10244
100375 10196 10197 10244 10243
100376 10195 10196 10243 10242
100377 10194 10195 10242 10241
100378 10193 10194 10241 10240
100379 10192 10193 10240 10239
100380 10191 10192 10239 10238
100381 10190 10191 10238 10237
100382 10189 10190 10237 10236
100383 10188 10189 10236 10235
100384 10187 10188 10235 10234
100385 10186 10187 10234 10233
100386 10185 10186 10233 10232
100387 10184 10185 10232 10231
100388 10183 10184 10231 10230
100389 10182 10183 10230 10229
100390 10181 10182 10229 10228
100391 10180 10181 10228 10227
100392 10179 10180 10227 10226
100393 10178 10179 10226 10225
100394 10177 10178 10225 10224
100395 10176 10177 10224 10223
100396 10175 10176 10223 10222
100397 10174 10175 10222 10221
100398 10173 10174 10221 10220
100399 10172 10173 10220 10219
100400 10171 10172 10219 10218
100401 10170 10171 10218 10217
100402 10169 10170 10217 10216
100403 10168 10169 10216 10215
100464 10214 5758 5759 10261
100465 9465 10168 10215 9466
102592 10166 10167 10214 10213
102593 10165 10166 10213 10212
102594 10164 10165 10212 10211
102595 10163 10164 10211 10210
102596 10162 10163 10210 10209
102597 10161 10162 10209 10208
102598 10160 10161 10208 10207
102599 10159 10160 10207 10206
102600 10158 10159 10206 10205
102601 10157 10158 10205 10204
102602 10156 10157 10204 10203
102603 10155 10156 10203 10202
102604 10154 10155 10202 10201
102605 10153 10154 10201 10200
102606 10152 10153 10200 10199
102607 10151 10152 10199 10198
102608 10150 10151 10198 10197
102609 10149 10150 10197 10196
102610 10148 10149 10196 10195
102611 10147 10148 10195 10194
102612 10146 10147 10194 10193
102613 10145 10146 10193 10192
102614 10144 10145 10192 10191
102615 10143 10144 10191 10190
102616 10142 10143 10190 10189
102617 10141 10142 10189 10188
102618 10140 10141 10188 10187
102619 10139 10140 10187 10186
102620 10138 10139 10186 10185
102621 10137 10138 10185 10184
102622 10136 10137 10184 10183
102623 10135 10136 10183 10182
102624 10134 10135 10182 10181
102625 10133 10134 10181 10180
102626 10132 10133 10180 10179
102627 10131 10132 10179 10178
102628 10130 10131 10178 10177
102629 10129 10130 10177 10176
102630 10128 10129 10176 10175
102631 10127 10128 10175 10174
102632 10126 10127 10174 10173
102633 10125 10126 10173 10172
102634 10124 10125 10172 10171
102635 10123 10124 10171 10170
102636 10122 10123 10170 10169
102637 10121 10122 10169 10168
102698 10167 5757 5758 10214
102699 9464 10121 10168 9465
104826 10119 10120 10167 10166
104827 10118 10119 10166 10165
104828 10117 10118 10165 10164
104829 10116 10117 10164 10163
104830 10115 10116 10163 10162
104831 10114 10115 10162 10161
104832 10113 10114 10161 10160
104833 10112 10113 10160 10159
104834 10111 10112 10159 10158
104835 10110 10111 10158 10157
104836 10109 10110 10157 10156
104837 10108 10109 10156 10155
104838 10107 10108 10155 10154
104839 10106 10107 10154 10153
104840 10105 10106 10153 10152
104841 10104 10105 10152 10151
104842 10103 10104 10151 10150
104843 10102 10103 10150 10149
104844 10101 10102 10149 10148
104845 10100 10101 10148 10147
104846 10099 10100 10147 10146
104847 10098 10099 10146 10145
104848 10097 10098 10145 10144
104849 10096 10097 10144 10143
104850 10095 10096 10143 10142
104851 10094 10095 10142 10141
104852 10093 10094 10141 10140
104853 10092 10093 10140 10139
104854 10091 10092 10139 10138
104855 10090 10091 10138 10137
104856 10089 10090 10137 10136
104857 10088 10089 10136 10135
104858 10087 10088 10135 10134
104859 10086 10087 10134 10133
104860 10085 10086 10133 10132
104861 10084 10085 10132 10131
104862 10083 10084 10131 10130
104863 10082 10083 10130 10129
104864 10081 10082 10129 10128
104865 10080 10081 10128 10127
104866 10079 10080 10127 10126
104867 10078 10079 10126 10125
104868 10077 10078 10125 10124
104869 10076 10077 10124 10123
104870 10075 10076 10123 10122
104871 10074 10075 10122 10121
104932 10120 5756 5757 10167
104933 9463 10074 10121 9464
107060 10072 10073 10120 10119
107061 10071 10072 10119 10118
107062 10070 10071 10118 10117
107063 10069 10070 10117 10116
107064 10068 10069 10116 10115
107065 10067 10068 10115 10114
107066 10066 10067 10114 10113
107067 10065 10066 10113 10112
107068 10064 10065 10112 10111
107069 10063 10064 10111 10110
107070 10062 10063 10110 10109
107071 10061 10062 10109 10108
107072 10060 10061 10108 10107
107073 10059 10060 10107 10106
107074 10058 10059 10106 10105
107075 10057 10058 10105 10104
107076 10056 10057 10104 10103
107077 10055 10056 10103 10102
107078 10054 10055 10102 10101
107079 10053 10054 10101 10100
107080 10052 10053 10100 10099
107081 10051 10052 10099 10098
107082 10050 10051 10098 10097
107083 10049 10050 10097 10096
107084 10048 10049 10096 10095
107085 10047 10048 10095 10094
107086 10046 10047 10094 10093
107087 10045 10046 10093 10092
107088 10044 10045 10092 10091
107089 10043 10044 10091 10090
107090 10042 10043 10090 10089
107091 10041 10042 10089 10088
107092 10040 10041 10088 10087
107093 10039 10040 10087 10086
107094 10038 10039 10086 10085
107095 10037 10038 10085 10084
107096 10036 10037 10084 10083
107097 10035 10036 10083 10082
107098 10034 10035 10082 10081
107099 10033 10034 10081 10080
107100 10032 10033 10080 10079
107101 10031 10032 10079 10078
107102 10030 10031 10078 10077
107103 10029 10030 10077 10076
107104 10028 10029 10076 10075
107105 10027 10028 10075 10074
107166 10073 5755 5756 10120
107167 9462 10027 10074 9463
109294 10025 10026 10073 10072
109295 10024 10025 10072 10071
109296 10023 10024 10071 10070
109297 10022 10023 10070 10069
109298 10021 10022 10069 10068
109299 10020 10021 10068 10067
109300 10019 10020 10067 10066
109301 10018 10019 10066 10065
109302 10017 10018 10065 10064
109303 10016 10017 10064 10063
109304 10015 10016 10063 10062
109305 10014 10015 10062 10061
109306 10013 10014 10061 10060
109307 10012 10013 10060 10059
109308 10011 10012 10059 10058
109309 10010 10011 10058 10057
109310 10009 10010 10057 10056
109311 10008 10009 10056 10055
109312 10007 10008 10055 10054
109313 10006 10007 10054 10053
109314 10005 10006 10053 10052
109315 10004 10005 10052 10051
109316 10003 10004 10051 10050
109317 10002 10003 10050 10049
109318 10001 10002 10049 10048
109319 10000 10001 10048 10047
109320 9999 10000 10047 10046
109321 9998 9999 10046 10045
109322 9997 9998 10045 10044
109323 9996 9997 10044 10043
109324 9995 9996 10043 10042
109325 9994 9995 10042 10041
109326 9993 9994 10041 10040
109327 9992 9993 10040 10039
109328 9991 9992 10039 10038
109329 9990 9991 10038 10037
109330 9989 9990 10037 10036
109331 9988 9989 10036 10035
109332 9987 9988 10035 10034
109333 9986 9987 10034 10033
109334 9985 9986 10033 10032
109335 9984 9985 10032 10031
109336 9983 9984 10031 10030
109337 9982 9983 10030 10029
109338 9981 9982 10029 10028
109339 9980 9981 10028 10027
109400 10026 5754 5755 10073
109401 9461 9980 10027 9462
111528 9978 9979 10026 10025
111529 9977 9978 10025 10024
111530 9976 9977 10024 10023
111531 9975 9976 10023 10022
111532 9974 9975 10022 10021
111533 9973 9974 10021 10020
111534 9972 9973 10020 10019
111535 9971 9972 10019 10018
111536 9970 9971 10018 10017
111537 9969 9970 10017 10016
111538 9968 9969 10016 10015
111539 9967 9968 10015 10014
111540 9966 9967 10014 10013
111541 9965 9966 10013 10012
111542 9964 9965 10012 10011
111543 9963 9964 10011 10010
111544 9962 9963 10010 10009
111545 9961 9962 10009 10008
111546 9960 9961 10008 10007
111547 9959 9960 10007 10006
111548 9958 9959 10006 10005
111549 9957 9958 10005 10004
111550 9956 9957 10004 10003
111551 9955 9956 10003 10002
111552 9954 9955 10002 10001
111553 9953 9954 10001 10000
111554 9952 9953 10000 9999
111555 9951 9952 9999 9998
111556 9950 9951 9998 9997
111557 9949 9950 9997 9996
111558 9948 9949 9996 9995
111559 9947 9948 9995 9994
111560 9946 9947 9994 9993
111561 9945 9946 9993 9992
111562 9944 9945 9992 9991
111563 9943 9944 9991 9990
111564 9942 9943 9990 9989
111565 9941 9942 9989 9988
111566 9940 9941 9988 9987
111567 9939 9940 9987 9986
111568 9938 9939 9986 9985
111569 9937 9938 9985 9984
111570 9936 9937 9984 9983
111571 9935 9936 9983 9982
111572 9934 9935 9982 9981
111573 9933 9934 9981 9980
111634 9979 5753 5754 10026
111635 9460 9933 9980 9461
113762 9931 9932 9979 9978
113763 9930 9931 9978 9977
113764 9929 9930 9977 9976
113765 9928 9929 9976 9975
113766 9927 9928 9975 9974
113767 9926 9927 9974 9973
113768 9925 9926 9973 9972
113769 9924 9925 9972 9971
113770 9923 9924 9971 9970
113771 9922 9923 9970 9969
113772 9921 9922 9969 9968
113773 9920 9921 9968 9967
113774 9919 9920 9967 9966
113775 9918 9919 9966 9965
113776 9917 9918 9965 9964
113777 9916 9917 9964 9963
113778 9915 9916 9963 9962
113779 9914 9915 9962 9961
113780 9913 9914 9961 9960
113781 9912 9913 9960 9959
113782 9911 9912 9959 9958
113783 9910 9911 9958 9957
113784 9909 9910 9957 9956
113785 9908 9909 9956 9955
113786 9907 9908 9955 9954
113787 9906 9907 9954 9953
113788 9905 9906 9953 9952
113789 9904 9905 9952 9951
113790 9903 9904 9951 9950
113791 9902 9903 9950 9949
113792 9901 9902 9949 9948
113793 9900 9901 9948 9947
113794 9899 9900 9947 9946
113795 9898 9899 9946 9945
113796 9897 9898 9945 9944
113797 9896 9897 9944 9943
113798 9895 9896 9943 9942
113799 9894 9895 9942 9941
113800 9893 9894 9941 9940
113801 9892 9893 9940 9939
113802 9891 9892 9939 9938
113803 9890 9891 9938 9937
113804 9889 9890 9937 9936
113805 9888 9889 9936 9935
113806 9887 9888 9935 9934
113807 9886 9887 9934 9933
113868 9932 5752 5753 9979
113869 9459 9886 9933 9460
115996 9884 9885 9932 9931
115997 9883 9884 9931 9930
115998 9882 9883 9930 9929
115999 9881 9882 9929 9928
116000 9880 9881 9928 9927
116001 9879 9880 9927 9926
116002 9878 9879 9926 9925
116003 9877 9878 9925 9924
116004 9876 9877 9924 9923
116005 9875 9876 9923 9922
116006 9874 9875 9922 9921
116007 9873 9874 9921 9920
116008 9872 9873 9920 9919
116009 9871 9872 9919 9918
116010 9870 9871 9918 9917
116011 9869 9870 9917 9916
116012 9868 9869 9916 9915
116013 9867 9868 9915 9914
116014 9866 9867 9914 9913
116015 9865 9866 9913 9912
116016 9864 9865 9912 9911
116017 9863 9864 9911 9910
116018 9862 9863 9910 9909
116019 9861 9862 9909 9908
116020 9860 9861 9908 9907
116021 9859 9860 9907 9906
116022 9858 9859 9906 9905
116023 9857 9858 9905 9904
116024 9856 9857 9904 9903
116025 9855 9856 9903 9902
116026 9854 9855 9902 9901
116027 9853 9854 9901 9900
116028 9852 9853 9900 9899
116029 9851 9852 9899 9898
116030 9850 9851 9898 9897
116031 9849 9850 9897 9896
116032 9848 9849 9896 9895
116033 9847 9848 9895 9894
116034 9846 9847 9894 9893
116035 9845 9846 9893 9892
116036 9844 9845 9892 9891
116037 9843 9844 9891 9890
116038 9842 9843 9890 9889
116039 9841 9842 9889 9888
116040 9840 9841 9888 9887
116041 9839 9840 9887 9886
116102 9885 5751 5752 9932
116103 9458 9839 9886 9459
118230 9837 9838 9885 9884
118231 9836 9837 9884 9883
118232 9835 9836 9883 9882
118233 9834 9835 9882 9881
118234 9833 9834 9881 9880
118235 9832 9833 9880 9879
118236 9831 9832 9879 9878
118237 9830 9831 9878 9877
118238 9829 9830 9877 9876
118239 9828 9829 9876 9875
118240 9827 9828 9875 9874
118241 9826 9827 9874 9873
118242 9825 9826 9873 9872
118243 9824 9825 9872 9871
118244 9823 9824 9871 9870
118245 9822 9823 9870 9869
118246 9821 9822 9869 9868
118247 9820 9821 9868 9867
118248 9819 9820 9867 9866
118249 9818 9819 9866 9865
118250 9817 9818 9865 9864
118251 9816 9817 9864 9863
118252 9815 9816 9863 9862
118253 9814 9815 9862 9861
118254 9813 9814 9861 9860
118255 9812 9813 9860 9859
118256 9811 9812 9859 9858
118257 9810 9811 9858 9857
118258 9809 9810 9857 9856
118259 9808 9809 9856 9855
118260 9807 9808 9855 9854
118261 9806 9807 9854 9853
118262 9805 9806 9853 9852
118263 9804 9805 9852 9851
118264 9803 9804 9851 9850
118265 9802 9803 9850 9849
118266 9801 9802 9849 9848
118267 9800 9801 9848 9847
118268 9799 9800 9847 9846
118269 9798 9799 9846 9845
118270 9797 9798 9845 9844
118271 9796 9797 9844 9843
118272 9795 9796 9843 9842
118273 9794 9795 9842 9841
118274 9793 9794 9841 9840
118275 9792 9793 9840 9839
118336 9838 5750 5751 9885
118337 9457 9792 9839 9458
120464 9790 9791 9838 9837
120465 9789 9790 9837 9836
120466 9788 9789 9836 9835
120467 9787 9788 9835 9834
120468 9786 9787 9834 9833
120469 9785 9786 9833 9832
120470 9784 9785 9832 9831
120471 9783 9784 9831 9830
120472 9782 9783 9830 9829
120473 9781 9782 9829 9828
120474 9780 9781 9828 9827
120475 9779 9780 9827 9826
120476 9778 9779 9826 9825
120477 9777 9778 9825 9824
120478 9776 9777 9824 9823
120479 9775 9776 9823 9822
120480 9774 9775 9822 9821
120481 9773 9774 9821 9820
120482 9772 9773 9820 9819
120483 9771 9772 9819 9818
120484 9770 9771 9818 9817
120485 9769 9770 9817 9816
120486 9768 9769 9816 9815
120487 9767 9768 9815 9814
120488 9766 9767 9814 9813
120489 9765 9766 9813 9812
120490 9764 9765 9812 9811
120491 9763 9764 9811 9810
120492 9762 9763 9810 9809
120493 9761 9762 9809 9808
120494 9760 9761 9808 9807
120495 9759 9760 9807 9806
120496 9758 9759 9806 9805
120497 9757 9758 9805 9804
120498 9756 9757 9804 9803
120499 9755 9756 9803 9802
120500 9754 9755 9802 9801
120501 9753 9754 9801 9800
120502 9752 9753 9800 9799
120503 9751 9752 9799 9798
120504 9750 9751 9798 9797
120505 9749 9750 9797 9796
120506 9748 9749 9796 9795
120507 9747 9748 9795 9794
120508 9746 9747 9794 9793
120509 9745 9746 9793 9792
120570 9791 5749 5750 9838
120571 9456 9745 9792 9457
122698 9743 9744 9791 9790
122699 9742 9743 9790 9789
122700 9741 9742 9789 9788
122701 9740 9741 9788 9787
122702 9739 9740 9787 9786
122703 9738 9739 9786 9785
122704 9737 9738 9785 9784
122705 9736 9737 9784 9783
122706 9735 9736 9783 9782
122707 9734 9735 9782 9781
122708 9733 9734 9781 9780
122709 9732 9733 9780 9779
122710 9731 9732 9779 9778
122711 9730 9731 9778 9777
122712 9729 9730 9777 9776
122713 9728 9729 9776 9775
122714 9727 9728 9775 9774
122715 9726 9727 9774 9773
122716 9725 9726 9773 9772
122717 9724 9725 9772 9771
122718 9723 9724 9771 9770
122719 9722 9723 9770 9769
122720 9721 9722 9769 9768
122721 9720 9721 9768 9767
122722 9719 9720 9767 9766
122723 9718 9719 9766 9765
122724 9717 9718 9765 9764
122725 9716 9717 9764 9763
122726 9715 9716 9763 9762
122727 9714 9715 9762 9761
122728 9713 9714 9761 9760
122729 9712 9713 9760 9759
122730 9711 9712 9759 9758
122731 9710 9711 9758 9757
122732 9709 9710 9757 9756
122733 9708 9709 9756 9755
122734 9707 9708 9755 9754
122735 9706 9707 9754 9753
122736 9705 9706 9753 9752
122737 9704 9705 9752 9751
122738 9703 9704 9751 9750
122739 9702 9703 9750 9749
122740 9701 9702 9749 9748
122741 9700 9701 9748 9747
122742 9699 9700 9747 9746
122743 9698 9699 9746 9745
122804 9744 5748 5749 9791
122805 9455 9698 9745 9456
124932 9696 9697 9744 9743
124933 9695 9696 9743 9742
124934 9694 9695 9742 9741
124935 9693 9694 9741 9740
124936 9692 9693 9740 9739
124937 9691 9692 9739 9738
124938 9690 9691 9738 9737
124939 9689 9690 9737 9736
124940 9688 9689 9736 9735
124941 9687 9688 9735 9734
124942 9686 9687 9734 9733
124943 9685 9686 9733 9732
124944 9684 9685 9732 9731
124945 9683 9684 9731 9730
124946 9682 9683 9730 9729
124947 9681 9682 9729 9728
124948 9680 9681 9728 9727
124949 9679 9680 9727 9726
124950 9678 9679 9726 9725
124951 9677 9678 9725 9724
124952 9676 9677 9724 9723
124953 9675 9676 9723 9722
124954 9674 9675 9722 9721
124955 9673 9674 9721 9720
124956 9672 9673 9720 9719
124957 9671 9672 9719 9718
124958 9670 9671 9718 9717
124959 9669 9670 9717 9716
124960 9668 9669 9716 9715
124961 9667 9668 9715 9714
124962 9666 9667 9714 9713
124963 9665 9666 9713 9712
124964 9664 9665 9712 9711
124965 9663 9664 9711 9710
124966 9662 9663 9710 9709
124967 9661 9662 9709 9708
124968 9660 9661 9708 9707
124969 9659 9660 9707 9706
124970 9658 9659 9706 9705
124971 9657 9658 9705 9704
124972 9656 9657 9704 9703
124973 9655 9656 9703 9702
124974 9654 9655 9702 9701
124975 9653 9654 9701 9700
124976 9652 9653 9700 9699
124977 9651 9652 9699 9698
125038 9697 5747 5748 9744
125039 9454 9651 9698 9455
127166 9649 9650 9697 9696
127167 9648 9649 9696 9695
127168 9647 9648 9695 9694
127169 9646 9647 9694 9693
127170 9645 9646 9693 9692
127171 9644 9645 9692 9691
127172 9643 9644 9691 9690
127173 9642 9643 9690 9689
127174 9641 9642 9689 9688
127175 9640 9641 9688 9687
127176 9639 9640 9687 9686
127177 9638 9639 9686 9685
127178 9637 9638 9685 9684
127179 9636 9637 9684 9683
127180 9635 9636 9683 9682
127181 9634 9635 9682 9681
127182 9633 9634 9681 9680
127183 9632 9633 9680 9679
127184 9631 9632 9679 9678
127185 9630 9631 9678 9677
127186 9629 9630 9677 9676
127187 9628 9629 9676 9675
127188 9627 9628 9675 9674
127189 9626 9627 9674 9673
127190 9625 9626 9673 9672
127191 9624 9625 9672 9671
127192 9623 9624 9671 9670
127193 9622 9623 9670 9669
127194 9621 9622 9669 9668
127195 9620 9621 9668 9667
127196 9619 9620 9667 9666
127197 9618 9619 9666 9665
127198 9617 9618 9665 9664
127199 9616 9617 9664 9663
127200 9615 9616 9663 9662
127201 9614 9615 9662 9661
127202 9613 9614 9661 9660
127203 9612 9613 9660 9659
127204 9611 9612 9659 9658
127205 9610 9611 9658 9657
127206 9609 9610 9657 9656
127207 9608 9609 9656 9655
127208 9607 9608 9655 9654
127209 9606 9607 9654 9653
127210 9605 9606 9653 9652
127211 9604 9605 9652 9651
127272 9650 5746 5747 9697
127273 9453 9604 9651 9454
129400 9602 9603 9650 9649
129401 9601 9602 9649 9648
129402 9600 9601 9648 9647
129403 9599 9600 9647 9646
129404 9598 9599 9646 9645
129405 9597 9598 9645 9644
129406 9596 9597 9644 9643
129407 9595 9596 9643 9642
129408 9594 9595 9642 9641
129409 9593 9594 9641 9640
129410 9592 9593 9640 9639
129411 9591 9592 9639 9638
129412 9590 9591 9638 9637
129413 9589 9590 9637 9636
129414 9588 9589 9636 9635
129415 9587 9588 9635 9634
129416 9586 9587 9634 9633
129417 9585 9586 9633 9632
129418 9584 9585 9632 9631
129419 9583 9584 9631 9630
129420 9582 9583 9630 9629
129421 9581 9582 9629 9628
129422 9580 9581 9628 9627
129423 9579 9580 9627 9626
129424 9578 9579 9626 9625
129425 9577 9578 9625 9624
129426 9576 9577 9624 9623
129427 9575 9576 9623 9622
129428 9574 9575 9622 9621
129429 9573 9574 9621 9620
129430 9572 9573 9620 9619
129431 9571 9572 9619 9618
129432 9570 9571 9618 9617
129433 9569 9570 9617 9616
129434 9568 9569 9616 9615
129435 9567 9568 9615 9614
129436 9566 9567 9614 9613
129437 9565 9566 9613 9612
129438 9564 9565 9612 9611
129439 9563 9564 9611 9610
129440 9562 9563 9610 9609
129441 9561 9562 9609 9608
129442 9560 9561 9608 9607
129443 9559 9560 9607 9606
129444 9558 9559 9606 9605
129445 9557 9558 9605 9604
129506 9603 5745 5746 9650
129507 9452 9557 9604 9453
131634 9555 9556 9603 9602
131635 9554 9555 9602 9601
131636 9553 9554 9601 9600
131637 9552 9553 9600 9599
131638 9551 9552 9599 9598
131639 9550 9551 9598 9597
131640 9549 9550 9597 9596
131641 9548 9549 9596 9595
131642 9547 9548 9595 9594
131643 9546 9547 9594 9593
131644 9545 9546 9593 9592
131645 9544 9545 9592 9591
131646 9543 9544 9591 9590
131647 9542 9543 9590 9589
131648 9541 9542 9589 9588
131649 9540 9541 9588 9587
131650 9539 9540 9587 9586
131651 9538 9539 9586 9585
131652 9537 9538 9585 9584
131653 9536 9537 9584 9583
131654 9535 9536 9583 9582
131655 9534 9535 9582 9581
131656 9533 9534 9581 9580
131657 9532 9533 9580 9579
131658 9531 9532 9579 9578
131659 9530 9531 9578 9577
131660 9529 9530 9577 9576
131661 9528 9529 9576 9575
131662 9527 9528 9575 9574
131663 9526 9527 9574 9573
131664 9525 9526 9573 9572
131665 9524 9525 9572 9571
131666 9523 9524 9571 9570
131667 9522 9523 9570 9569
131668 9521 9522 9569 9568
131669 9520 9521 9568 9567
131670 9519 9520 9567 9566
131671 9518 9519 9566 9565
131672 9517 9518 9565 9564
131673 9516 9517 9564 9563
131674 9515 9516 9563 9562
131675 9514 9515 9562 9561
131676 9513 9514 9561 9560
131677 9512 9513 9560 9559
131678 9511 9512 9559 9558
131679 9510 9511 9558 9557
131740 9556 5744 5745 9603
131741 9451 9510 9557 9452
133868 9449 9450 9556 9555
133869 9448 9449 9555 9554
133870 9447 9448 9554 9553
133871 9446 9447 9553 9552
133872 9445 9446 9552 9551
133873 9444 9445 9551 9550
133874 9443 9444 9550 9549
133875 9442 9443 9549 9548
133876 9441 9442 9548 9547
133877 9440 9441 9547 9546
133878 9439 9440 9546 9545
133879 9438 9439 9545 9544
133880 9437 9438 9544 9543
133881 9436 9437 9543 9542
133882 9435 9436 9542 9541
133883 9434 9435 9541 9540
133884 9433 9434 9540 9539
133885 9432 9433 9539 9538
133886 9431 9432 9538 9537
133887 9430 9431 9537 9536
133888 9429 9430 9536 9535
133889 9428 9429 9535 9534
133890 9427 9428 9534 9533
133891 9426 9427 9533 9532
133892 9425 9426 9532 9531
133893 9424 9425 9531 9530
133894 9423 9424 9530 9529
133895 9422 9423 9529 9528
133896 9421 9422 9528 9527
133897 9420 9421 9527 9526
133898 9419 9420 9526 9525
133899 9418 9419 9525 9524
133900 9417 9418 9524 9523
133901 9416 9417 9523 9522
133902 9415 9416 9522 9521
133903 9414 9415 9521 9520
133904 9413 9414 9520 9519
133905 9412 9413 9519 9518
133906 9411 9412 9518 9517
133907 9410 9411 9517 9516
133908 9409 9410 9516 9515
133909 9408 9409 9515 9514
133910 9407 9408 9514 9513
133911 9406 9407 9513 9512
133912 9405 9406 9512 9511
133913 9404 9405 9511 9510
133974 9450 5743 5744 9556
133975 9403 9404 9510 9451
